,Date,Open,High,Low,Close,Adj Close,Volume
0,2014-01-02 00:00:00+00:00,28.942169189453125,40.65999984741211,41.22999954223633,40.5099983215332,41.119998931884766,0.14961279518391846
1,2014-01-03 00:00:00+00:00,28.7997989654541,40.459999084472656,40.72999954223633,40.349998474121094,40.68000030517578,0.11422002362396569
2,2014-01-06 00:00:00+00:00,28.664562225341797,40.27000045776367,40.59000015258789,40.15999984741211,40.47999954223633,0.12397955879314229
3,2014-01-07 00:00:00+00:00,28.749988555908203,40.38999938964844,40.720001220703125,40.290000915527344,40.47999954223633,0.13687096565272772
4,2014-01-08 00:00:00+00:00,28.429664611816406,39.939998626708984,40.439998626708984,39.83000183105469,40.439998626708984,0.190337921399427
5,2014-01-09 00:00:00+00:00,28.280183792114258,39.72999954223633,40.0,39.52000045776367,39.95000076293945,0.1707633378257933
6,2014-01-10 00:00:00+00:00,28.56490707397461,40.130001068115234,40.290000915527344,39.900001525878906,39.959999084472656,0.15873238611305582
7,2014-01-13 00:00:00+00:00,28.137815475463867,39.529998779296875,40.130001068115234,39.5,40.0,0.17109795927178975
8,2014-01-14 00:00:00+00:00,28.251710891723633,39.689998626708984,39.91999816894531,39.58000183105469,39.63999938964844,0.1511933803550997
9,2014-01-15 00:00:00+00:00,28.301538467407227,39.7599983215332,39.939998626708984,39.58000183105469,39.83000183105469,0.15186879138434592
10,2014-01-16 00:00:00+00:00,28.26595115661621,39.709999084472656,39.81999969482422,39.58000183105469,39.779998779296875,0.12439282398911944
11,2014-01-17 00:00:00+00:00,27.95986557006836,39.279998779296875,39.75,39.279998779296875,39.720001220703125,0.169568261232949
12,2014-01-21 00:00:00+00:00,28.41542625427246,39.91999816894531,39.91999816894531,39.529998779296875,39.63999938964844,0.22487023781253182
13,2014-01-22 00:00:00+00:00,28.40118980407715,39.900001525878906,40.09000015258789,39.75,39.9900016784668,0.10555841688589257
14,2014-01-23 00:00:00+00:00,27.931400299072266,39.2400016784668,39.63999938964844,39.119998931884766,39.61000061035156,0.18245041588665434
15,2014-01-24 00:00:00+00:00,27.646682739257812,38.84000015258789,39.25,38.81999969482422,39.08000183105469,0.2083473401450129
16,2014-01-27 00:00:00+00:00,27.56837272644043,38.72999954223633,38.97999954223633,38.709999084472656,38.81999969482422,0.1789623342698622
17,2014-01-28 00:00:00+00:00,27.668027877807617,38.869998931884766,39.08000183105469,38.619998931884766,38.77000045776367,0.09127609507566764
18,2014-01-29 00:00:00+00:00,26.977571487426758,37.900001525878906,38.56999969482422,37.81999969482422,38.56999969482422,0.32043164624499226
19,2014-01-30 00:00:00+00:00,27.16975212097168,38.16999816894531,38.40999984741211,38.0,38.0,0.16446875375870867
20,2014-01-31 00:00:00+00:00,26.92062759399414,37.81999969482422,38.15999984741211,37.720001220703125,37.95000076293945,0.20337427948446712
21,2014-02-03 00:00:00+00:00,26.47930145263672,37.20000076293945,38.02000045776367,37.099998474121094,38.02000045776367,0.3110067325218121
22,2014-02-04 00:00:00+00:00,26.678619384765625,37.47999954223633,37.54999923706055,37.209999084472656,37.439998626708984,0.22765669381675083
23,2014-02-05 00:00:00+00:00,26.771148681640625,37.61000061035156,37.720001220703125,37.380001068115234,37.4900016784668,0.1645180988567358
24,2014-02-06 00:00:00+00:00,27.070104598999023,38.029998779296875,38.939998626708984,37.91999816894531,38.7599983215332,0.3032441317884206
25,2014-02-07 00:00:00+00:00,27.013174057006836,37.95000076293945,38.349998474121094,37.869998931884766,38.16999816894531,0.2682014020175977
26,2014-02-10 00:00:00+00:00,27.454477310180664,38.56999969482422,38.619998931884766,37.84000015258789,38.06999969482422,0.2757296135353604
27,2014-02-11 00:00:00+00:00,27.504318237304688,38.63999938964844,38.779998779296875,38.5099983215332,38.66999816894531,0.19067254284542343
28,2014-02-12 00:00:00+00:00,27.411775588989258,38.5099983215332,38.91999816894531,38.400001525878906,38.849998474121094,0.11776670254466504
29,2014-02-13 00:00:00+00:00,27.511430740356445,38.650001525878906,38.7599983215332,38.130001068115234,38.130001068115234,0.1147165586728636
30,2014-02-14 00:00:00+00:00,27.710742950439453,38.93000030517578,39.02000045776367,38.27000045776367,38.599998474121094,0.20098566833309178
31,2014-02-18 00:00:00+00:00,26.6715030670166,37.470001220703125,38.11000061035156,37.2599983215332,37.97999954223633,0.6646507138076837
32,2014-02-19 00:00:00+00:00,26.40812110900879,37.099998474121094,37.599998474121094,37.04999923706055,37.5,0.3646726106949332
33,2014-02-20 00:00:00+00:00,26.550487518310547,37.29999923706055,37.52000045776367,36.88999938964844,37.060001373291016,0.3029110523767375
34,2014-02-21 00:00:00+00:00,26.465072631835938,37.18000030517578,37.619998931884766,37.13999938964844,37.59000015258789,0.2532560054526333
35,2014-02-24 00:00:00+00:00,26.69285774230957,37.5,37.599998474121094,37.220001220703125,37.29999923706055,0.3273307077629091
36,2014-02-25 00:00:00+00:00,26.885047912597656,37.77000045776367,37.939998626708984,37.5,37.630001068115234,0.30608147492498006
37,2014-02-26 00:00:00+00:00,26.95622444152832,37.869998931884766,37.939998626708984,37.720001220703125,37.900001525878906,0.234370711217066
38,2014-02-27 00:00:00+00:00,27.09857940673828,38.06999969482422,38.11000061035156,37.79999923706055,37.84000015258789,0.23789117555443848
39,2014-02-28 00:00:00+00:00,27.19111442565918,38.20000076293945,38.38999938964844,38.040000915527344,38.08000183105469,0.1968699787507672
40,2014-03-03 00:00:00+00:00,27.134170532226562,38.119998931884766,38.15999984741211,37.849998474121094,37.880001068115234,0.2419004647691421
41,2014-03-04 00:00:00+00:00,27.269405364990234,38.310001373291016,38.38999938964844,38.22999954223633,38.34000015258789,0.2687596184390295
42,2014-03-05 00:00:00+00:00,27.297883987426758,38.349998474121094,38.45000076293945,38.25,38.41999816894531,0.1753462638050622
43,2014-03-06 00:00:00+00:00,27.383298873901367,38.470001220703125,38.54999923706055,38.27000045776367,38.400001525878906,0.18047506993125614
44,2014-03-07 00:00:00+00:00,27.44025421142578,38.54999923706055,38.61000061035156,38.36000061035156,38.560001373291016,0.21667586747140302
45,2014-03-10 00:00:00+00:00,27.511430740356445,38.650001525878906,38.650001525878906,38.439998626708984,38.54999923706055,0.17802015130440685
46,2014-03-11 00:00:00+00:00,27.61819839477539,38.79999923706055,38.84000015258789,38.540000915527344,38.84000015258789,0.1667833472630433
47,2014-03-12 00:00:00+00:00,27.60025978088379,38.470001220703125,38.5,38.209999084472656,38.27000045776367,0.19548985804032115
48,2014-03-13 00:00:00+00:00,27.241554260253906,37.970001220703125,38.4900016784668,37.91999816894531,38.45000076293945,0.23603148217254136
49,2014-03-14 00:00:00+00:00,27.385021209716797,38.16999816894531,38.31999969482422,37.880001068115234,37.95000076293945,0.18027768953914766
50,2014-03-17 00:00:00+00:00,27.45677375793457,38.27000045776367,38.369998931884766,38.04999923706055,38.16999816894531,0.24991287506129592
51,2014-03-18 00:00:00+00:00,27.550052642822266,38.400001525878906,38.459999084472656,38.13999938964844,38.27000045776367,0.2140975860994859
52,2014-03-19 00:00:00+00:00,27.36350440979004,38.13999938964844,38.59000015258789,38.099998474121094,38.36000061035156,0.2758067152510278
53,2014-03-20 00:00:00+00:00,27.585914611816406,38.45000076293945,38.470001220703125,37.95000076293945,38.11000061035156,0.15777632483878035
54,2014-03-21 00:00:00+00:00,27.57874298095703,38.439998626708984,38.83000183105469,38.279998779296875,38.779998779296875,0.24969853229174058
55,2014-03-24 00:00:00+00:00,27.550052642822266,38.400001525878906,38.529998779296875,38.209999084472656,38.47999954223633,0.19578747066279722
56,2014-03-25 00:00:00+00:00,27.707889556884766,38.619998931884766,38.79999923706055,38.459999084472656,38.4900016784668,0.21438286244745522
57,2014-03-26 00:00:00+00:00,27.700714111328125,38.61000061035156,38.939998626708984,38.61000061035156,38.689998626708984,0.19798486955931746
58,2014-03-27 00:00:00+00:00,27.851369857788086,38.81999969482422,39.0,38.47999954223633,38.5099983215332,0.1547462274130524
59,2014-03-28 00:00:00+00:00,27.944644927978516,38.95000076293945,39.029998779296875,38.81999969482422,38.88999938964844,0.13116235462471512
60,2014-03-31 00:00:00+00:00,27.73657989501953,38.65999984741211,39.029998779296875,38.459999084472656,38.9900016784668,0.33143714513935363
61,2014-04-01 00:00:00+00:00,27.557220458984375,38.40999984741211,38.88999938964844,38.310001373291016,38.529998779296875,0.27015515949260904
62,2014-04-02 00:00:00+00:00,27.49982452392578,38.33000183105469,38.540000915527344,38.29999923706055,38.4900016784668,0.19603573818724618
63,2014-04-03 00:00:00+00:00,27.31328582763672,38.06999969482422,38.4900016784668,38.040000915527344,38.38999938964844,0.2331201213889412
64,2014-04-04 00:00:00+00:00,27.420902252197266,38.220001220703125,38.47999954223633,38.13999938964844,38.2400016784668,0.1920958405166432
65,2014-04-07 00:00:00+00:00,27.707889556884766,38.619998931884766,38.88999938964844,38.2599983215332,38.27000045776367,0.22050165460281826
66,2014-04-08 00:00:00+00:00,27.908775329589844,38.900001525878906,38.900001525878906,38.47999954223633,38.66999816894531,0.18155295191628606
67,2014-04-09 00:00:00+00:00,27.973342895507812,38.9900016784668,38.9900016784668,38.70000076293945,38.84000015258789,0.13932434224526366
68,2014-04-10 00:00:00+00:00,27.901586532592773,38.88999938964844,39.400001525878906,38.81999969482422,38.97999954223633,0.2780195344906815
69,2014-04-11 00:00:00+00:00,27.71506118774414,38.630001068115234,39.220001220703125,38.56999969482422,38.83000183105469,0.2326605951635636
70,2014-04-14 00:00:00+00:00,27.786800384521484,38.72999954223633,38.79999923706055,38.400001525878906,38.709999084472656,0.2527933951586291
71,2014-04-15 00:00:00+00:00,28.827091217041016,40.18000030517578,40.470001220703125,39.5,39.83000183105469,0.686712598728747
72,2014-04-16 00:00:00+00:00,29.121261596679688,40.59000015258789,40.59000015258789,40.119998931884766,40.119998931884766,0.2918084053206352
73,2014-04-17 00:00:00+00:00,29.214523315429688,40.720001220703125,40.720001220703125,40.25,40.43000030517578,0.23979867200004937
74,2014-04-21 00:00:00+00:00,29.236047744750977,40.75,40.7599983215332,40.349998474121094,40.470001220703125,0.14856883795378217
75,2014-04-22 00:00:00+00:00,29.207353591918945,40.709999084472656,40.7599983215332,40.41999816894531,40.58000183105469,0.22218555607299376
76,2014-04-23 00:00:00+00:00,29.22170066833496,40.72999954223633,40.810001373291016,40.560001373291016,40.70000076293945,0.1399581183480495
77,2014-04-24 00:00:00+00:00,29.200176239013672,40.70000076293945,40.88999938964844,40.459999084472656,40.70000076293945,0.12947382705159957
78,2014-04-25 00:00:00+00:00,29.422595977783203,41.0099983215332,41.0099983215332,40.439998626708984,40.459999084472656,0.2130335824232761
79,2014-04-28 00:00:00+00:00,29.436939239501953,41.029998779296875,41.279998779296875,40.7400016784668,40.81999969482422,0.2735630553251071
80,2014-04-29 00:00:00+00:00,29.106904983520508,40.56999969482422,41.029998779296875,40.52000045776367,40.970001220703125,0.24567844883684356
81,2014-04-30 00:00:00+00:00,29.264751434326172,40.790000915527344,40.880001068115234,40.59000015258789,40.689998626708984,0.14442230768519063
82,2014-05-01 00:00:00+00:00,29.2575740814209,40.779998779296875,40.79999923706055,40.2599983215332,40.790000915527344,0.19105034125219356
83,2014-05-02 00:00:00+00:00,29.379547119140625,40.95000076293945,40.959999084472656,40.630001068115234,40.790000915527344,0.172718637335118
84,2014-05-05 00:00:00+00:00,29.243227005004883,40.7599983215332,40.93000030517578,40.54999923706055,40.650001525878906,0.11052068330624495
85,2014-05-06 00:00:00+00:00,29.049510955810547,40.4900016784668,40.65999984741211,40.45000076293945,40.52000045776367,0.09812889556418411
86,2014-05-07 00:00:00+00:00,29.350849151611328,40.90999984741211,40.970001220703125,40.630001068115234,40.70000076293945,0.12520239200362687
87,2014-05-08 00:00:00+00:00,29.22170066833496,40.72999954223633,40.959999084472656,40.650001525878906,40.849998474121094,0.0854657097829741
88,2014-05-09 00:00:00+00:00,29.322134017944336,40.869998931884766,40.95000076293945,40.709999084472656,40.779998779296875,0.08512183613109761
89,2014-05-12 00:00:00+00:00,29.286270141601562,40.81999969482422,40.970001220703125,40.689998626708984,40.880001068115234,0.09112960181589963
90,2014-05-13 00:00:00+00:00,29.49433708190918,41.11000061035156,41.220001220703125,40.81999969482422,40.83000183105469,0.13235743121755947
91,2014-05-14 00:00:00+00:00,29.336488723754883,40.88999938964844,41.18000030517578,40.83000183105469,41.02000045776367,0.10855613159104019
92,2014-05-15 00:00:00+00:00,29.07103157043457,40.52000045776367,40.959999084472656,40.439998626708984,40.619998931884766,0.1446875375870864
93,2014-05-16 00:00:00+00:00,29.336488723754883,40.88999938964844,40.90999984741211,40.45000076293945,40.52000045776367,0.16696530731201834
94,2014-05-19 00:00:00+00:00,29.207353591918945,40.709999084472656,40.72999954223633,40.41999816894531,40.599998474121094,0.07036610978667499
95,2014-05-20 00:00:00+00:00,29.11407470703125,40.58000183105469,40.93000030517578,40.56999969482422,40.79999923706055,0.10244042350430382
96,2014-05-21 00:00:00+00:00,29.322134017944336,40.869998931884766,40.880001068115234,40.5,40.54999923706055,0.08652354532193052
97,2014-05-22 00:00:00+00:00,29.11407470703125,40.58000183105469,40.84000015258789,40.529998779296875,40.77000045776367,0.08379568662161871
98,2014-05-23 00:00:00+00:00,29.11407470703125,40.58000183105469,40.70000076293945,40.529998779296875,40.630001068115234,0.050253356237683004
99,2014-05-27 00:00:00+00:00,29.250402450561523,40.77000045776367,40.81999969482422,40.47999954223633,40.560001373291016,0.12778221540985732
100,2014-05-28 00:00:00+00:00,29.11407470703125,40.58000183105469,40.88999938964844,40.529998779296875,40.70000076293945,0.07001452596323174
101,2014-05-29 00:00:00+00:00,29.17148208618164,40.65999984741211,40.869998931884766,40.599998474121094,40.68000030517578,0.10595009360148283
102,2014-05-30 00:00:00+00:00,29.350849151611328,40.90999984741211,40.91999816894531,40.4900016784668,40.540000915527344,0.11487847227576509
103,2014-06-02 00:00:00+00:00,29.314970016479492,40.86000061035156,40.88999938964844,40.68000030517578,40.75,0.06901837179680922
104,2014-06-03 00:00:00+00:00,29.329326629638672,40.880001068115234,41.0,40.709999084472656,40.720001220703125,0.11560322840303844
105,2014-06-04 00:00:00+00:00,29.264751434326172,40.790000915527344,40.91999816894531,40.709999084472656,40.90999984741211,0.07507239851101169
106,2014-06-05 00:00:00+00:00,29.336488723754883,40.88999938964844,41.0,40.630001068115234,40.72999954223633,0.11003031639460042
107,2014-06-06 00:00:00+00:00,29.408245086669922,40.9900016784668,41.060001373291016,40.84000015258789,40.939998626708984,0.0888874839242923
108,2014-06-09 00:00:00+00:00,29.350849151611328,40.90999984741211,41.09000015258789,40.849998474121094,40.849998474121094,0.0666174243709271
109,2014-06-10 00:00:00+00:00,29.465635299682617,41.06999969482422,41.150001525878906,40.810001373291016,40.84000015258789,0.09517898392275026
110,2014-06-11 00:00:00+00:00,29.314970016479492,40.86000061035156,41.060001373291016,40.790000915527344,40.97999954223633,0.10258074862681846
111,2014-06-12 00:00:00+00:00,29.217388153076172,40.41999816894531,40.68000030517578,40.369998931884766,40.40999984741211,0.13241911259009337
112,2014-06-13 00:00:00+00:00,29.181241989135742,40.369998931884766,40.529998779296875,40.25,40.38999938964844,0.09557991284422063
113,2014-06-16 00:00:00+00:00,29.390871047973633,40.65999984741211,40.77000045776367,40.150001525878906,40.189998626708984,0.15238228881069063
114,2014-06-17 00:00:00+00:00,29.57880401611328,40.91999816894531,41.20000076293945,40.61000061035156,41.18000030517578,0.36901343728700653
115,2014-06-18 00:00:00+00:00,30.041418075561523,41.560001373291016,41.56999969482422,40.75,40.790000915527344,0.23935302408349193
116,2014-06-19 00:00:00+00:00,30.207683563232422,41.790000915527344,41.869998931884766,41.529998779296875,41.540000915527344,0.15850416503468037
117,2014-06-20 00:00:00+00:00,30.135400772094727,41.689998626708984,41.880001068115234,41.529998779296875,41.869998931884766,0.31467214808463917
118,2014-06-23 00:00:00+00:00,30.164316177368164,41.72999954223633,41.7400016784668,41.33000183105469,41.459999084472656,0.15579172667750205
119,2014-06-24 00:00:00+00:00,30.251049041748047,41.849998474121094,41.88999938964844,41.470001220703125,41.52000045776367,0.18452753610673348
120,2014-06-25 00:00:00+00:00,30.330564498901367,41.959999084472656,41.97999954223633,41.459999084472656,41.599998474121094,0.2255302284986446
121,2014-06-26 00:00:00+00:00,30.381166458129883,42.029998779296875,42.04999923706055,41.779998779296875,41.90999984741211,0.2144507119572425
122,2014-06-27 00:00:00+00:00,30.4968204498291,42.189998626708984,42.290000915527344,41.90999984741211,41.9900016784668,0.24176168168094078
123,2014-06-30 00:00:00+00:00,30.619707107543945,42.36000061035156,42.4900016784668,41.81999969482422,41.97999954223633,0.17058600387975836
124,2014-07-01 00:00:00+00:00,30.56910514831543,42.290000915527344,42.45000076293945,42.150001525878906,42.38999938964844,0.13109450511492785
125,2014-07-02 00:00:00+00:00,30.56910514831543,42.290000915527344,42.40999984741211,42.150001525878906,42.310001373291016,0.0572202672653872
126,2014-07-03 00:00:00+00:00,30.52573013305664,42.22999954223633,42.31999969482422,42.0099983215332,42.2599983215332,0.07002994630636522
127,2014-07-07 00:00:00+00:00,30.46068000793457,42.13999938964844,42.20000076293945,41.93000030517578,41.959999084472656,0.09245420929106515
128,2014-07-08 00:00:00+00:00,30.31610679626465,41.939998626708984,42.25,41.90999984741211,41.970001220703125,0.10939499825750124
129,2014-07-09 00:00:00+00:00,30.32332420349121,41.95000076293945,42.15999984741211,41.790000915527344,41.93000030517578,0.10632789200825299
130,2014-07-10 00:00:00+00:00,30.54741096496582,42.2599983215332,42.290000915527344,41.54999923706055,41.560001373291016,0.1475449271697194
131,2014-07-11 00:00:00+00:00,30.33778190612793,41.970001220703125,42.25,41.880001068115234,42.119998931884766,0.1044990393126228
132,2014-07-14 00:00:00+00:00,30.634157180786133,42.380001068115234,42.38999938964844,41.97999954223633,41.9900016784668,0.13664582864297897
133,2014-07-15 00:00:00+00:00,30.43175506591797,42.099998474121094,42.43000030517578,41.95000076293945,42.40999984741211,0.11635574114795205
134,2014-07-16 00:00:00+00:00,30.446210861206055,42.119998931884766,42.38999938964844,42.02000045776367,42.2599983215332,0.11310975891835548
135,2014-07-17 00:00:00+00:00,30.37393569946289,42.02000045776367,42.150001525878906,41.83000183105469,41.93000030517578,0.10774502154221938
136,2014-07-18 00:00:00+00:00,30.67030143737793,42.43000030517578,42.470001220703125,42.02000045776367,42.13999938964844,0.2509830468747591
137,2014-07-21 00:00:00+00:00,30.64860725402832,42.400001525878906,42.56999969482422,42.09000015258789,42.119998931884766,0.22530509148889585
138,2014-07-22 00:00:00+00:00,29.773971557617188,41.189998626708984,41.33000183105469,40.61000061035156,41.099998474121094,0.334771023324811
139,2014-07-23 00:00:00+00:00,29.499298095703125,40.810001373291016,41.04999923706055,40.630001068115234,40.97999954223633,0.22414085558231847
140,2014-07-24 00:00:00+00:00,29.614948272705078,40.970001220703125,41.099998474121094,40.65999984741211,40.970001220703125,0.1828806434600783
141,2014-07-25 00:00:00+00:00,29.63663101196289,41.0,41.040000915527344,40.810001373291016,40.91999816894531,0.12048839310772344
142,2014-07-28 00:00:00+00:00,29.40532875061035,40.68000030517578,41.0,40.61000061035156,40.9900016784668,0.13435436565334455
143,2014-07-29 00:00:00+00:00,29.166778564453125,40.349998474121094,40.779998779296875,40.349998474121094,40.75,0.12131646553399109
144,2014-07-30 00:00:00+00:00,28.639102935791016,39.619998931884766,40.5,39.61000061035156,40.45000076293945,0.26754141133148496
145,2014-07-31 00:00:00+00:00,28.400569915771484,39.290000915527344,39.72999954223633,39.25,39.529998779296875,0.19180439603142052
146,2014-08-01 00:00:00+00:00,28.400569915771484,39.290000915527344,39.4900016784668,39.060001373291016,39.130001068115234,0.16299919505808846
147,2014-08-04 00:00:00+00:00,28.480087280273438,39.400001525878906,39.459999084472656,39.119998931884766,39.40999984741211,0.12361872276381897
148,2014-08-05 00:00:00+00:00,28.32105827331543,39.18000030517578,39.529998779296875,39.099998474121094,39.34000015258789,0.1332764836683146
149,2014-08-06 00:00:00+00:00,28.8559513092041,39.91999816894531,39.959999084472656,39.130001068115234,39.130001068115234,0.22469290386649685
150,2014-08-07 00:00:00+00:00,28.443933486938477,39.349998474121094,40.0099983215332,39.33000183105469,39.959999084472656,0.1753462638050622
151,2014-08-08 00:00:00+00:00,28.51622200012207,39.45000076293945,39.58000183105469,39.2599983215332,39.34000015258789,0.16454585547437603
152,2014-08-11 00:00:00+00:00,28.602964401245117,39.56999969482422,39.869998931884766,39.52000045776367,39.52000045776367,0.17126295694331792
153,2014-08-12 00:00:00+00:00,28.682472229003906,39.68000030517578,39.84000015258789,39.540000915527344,39.560001373291016,0.15884803868655686
154,2014-08-13 00:00:00+00:00,28.87040901184082,39.939998626708984,40.099998474121094,39.70000076293945,39.70000076293945,0.10243117129842375
155,2014-08-14 00:00:00+00:00,29.04389762878418,40.18000030517578,40.189998626708984,39.93000030517578,39.93000030517578,0.06022723417641491
156,2014-08-15 00:00:00+00:00,29.549894332885742,40.880001068115234,41.150001525878906,40.65999984741211,40.849998474121094,0.31188106597748017
157,2014-08-18 00:00:00+00:00,29.8896427154541,41.349998474121094,41.41999816894531,40.790000915527344,40.790000915527344,0.18342806564131667
158,2014-08-19 00:00:00+00:00,29.8245792388916,41.2599983215332,41.47999954223633,41.15999984741211,41.349998474121094,0.11201491455587873
159,2014-08-20 00:00:00+00:00,29.81735610961914,41.25,41.34000015258789,41.09000015258789,41.150001525878906,0.05838450317196459
160,2014-08-21 00:00:00+00:00,29.933008193969727,41.40999984741211,41.689998626708984,41.220001220703125,41.290000915527344,0.13808454665733225
161,2014-08-22 00:00:00+00:00,29.723379135131836,41.119998931884766,41.52000045776367,41.04999923706055,41.290000915527344,0.12719161626784523
162,2014-08-25 00:00:00+00:00,29.933008193969727,41.40999984741211,41.45000076293945,41.119998931884766,41.31999969482422,0.11153534188442762
163,2014-08-26 00:00:00+00:00,30.070337295532227,41.599998474121094,41.70000076293945,41.40999984741211,41.40999984741211,0.08358134385206342
164,2014-08-27 00:00:00+00:00,30.070337295532227,41.599998474121094,41.709999084472656,41.439998626708984,41.529998779296875,0.07242626762930729
165,2014-08-28 00:00:00+00:00,30.092031478881836,41.630001068115234,41.70000076293945,41.439998626708984,41.5099983215332,0.10408885818527236
166,2014-08-29 00:00:00+00:00,30.157087326049805,41.720001220703125,41.75,41.470001220703125,41.599998474121094,0.07201917057058355
167,2014-09-02 00:00:00+00:00,30.099262237548828,41.63999938964844,41.84000015258789,41.310001373291016,41.52000045776367,0.10488608992527304
168,2014-09-03 00:00:00+00:00,30.200454711914062,41.779998779296875,41.849998474121094,41.65999984741211,41.689998626708984,0.08695685696398117
169,2014-09-04 00:00:00+00:00,30.2655029296875,41.869998931884766,42.16999816894531,41.72999954223633,41.79999923706055,0.2126311114674924
170,2014-09-05 00:00:00+00:00,30.24382781982422,41.84000015258789,41.86000061035156,41.61000061035156,41.86000061035156,0.150684509031695
171,2014-09-08 00:00:00+00:00,30.200454711914062,41.779998779296875,41.939998626708984,41.630001068115234,41.66999816894531,0.09408568159458686
172,2014-09-09 00:00:00+00:00,30.31610679626465,41.939998626708984,42.029998779296875,41.75,41.77000045776367,0.13718245658402392
173,2014-09-10 00:00:00+00:00,30.482358932495117,42.16999816894531,42.189998626708984,41.83000183105469,41.900001525878906,0.22454641060672884
174,2014-09-11 00:00:00+00:00,30.54425048828125,41.95000076293945,42.060001373291016,41.65999984741211,41.68000030517578,0.25625063608915427
175,2014-09-12 00:00:00+00:00,30.18747329711914,41.459999084472656,41.91999816894531,41.36000061035156,41.900001525878906,0.15374853121231655
176,2014-09-15 00:00:00+00:00,30.216602325439453,41.5,41.58000183105469,41.33000183105469,41.45000076293945,0.14284326454832275
177,2014-09-16 00:00:00+00:00,30.318538665771484,41.63999938964844,41.79999923706055,41.18000030517578,41.290000915527344,0.18869102875277183
178,2014-09-17 00:00:00+00:00,30.296689987182617,41.61000061035156,41.779998779296875,41.31999969482422,41.77000045776367,0.2112201500707794
179,2014-09-18 00:00:00+00:00,30.427745819091797,41.790000915527344,41.880001068115234,41.54999923706055,41.75,0.1478826326843425
180,2014-09-19 00:00:00+00:00,30.6170711517334,42.04999923706055,42.349998474121094,41.75,41.97999954223633,0.687182919194318
181,2014-09-22 00:00:00+00:00,30.74083709716797,42.220001220703125,42.25,41.72999954223633,41.849998474121094,0.13140908011485072
182,2014-09-23 00:00:00+00:00,30.50056266784668,41.88999938964844,42.15999984741211,41.880001068115234,42.0,0.11187458943336409
183,2014-09-24 00:00:00+00:00,30.77724838256836,42.27000045776367,42.34000015258789,41.849998474121094,41.849998474121094,0.1626013502052448
184,2014-09-25 00:00:00+00:00,30.42047691345215,41.779998779296875,42.16999816894531,41.77000045776367,42.060001373291016,0.1245963725184813
185,2014-09-26 00:00:00+00:00,30.726276397705078,42.20000076293945,42.25,41.709999084472656,42.0,0.1070680684786598
186,2014-09-29 00:00:00+00:00,30.76268196105957,42.25,42.2599983215332,41.880001068115234,41.900001525878906,0.14564205682704853
187,2014-09-30 00:00:00+00:00,31.06120491027832,42.65999984741211,42.810001373291016,42.08000183105469,42.099998474121094,0.3025070393866404
188,2014-10-01 00:00:00+00:00,31.119461059570312,42.7400016784668,42.849998474121094,42.369998931884766,42.54999923706055,0.4227240344552147
189,2014-10-02 00:00:00+00:00,31.06120491027832,42.65999984741211,42.779998779296875,42.41999816894531,42.599998474121094,0.21043988070822553
190,2014-10-03 00:00:00+00:00,31.308774948120117,43.0,43.06999969482422,42.65999984741211,42.86000061035156,0.17039479162490326
191,2014-10-06 00:00:00+00:00,31.74563217163086,43.599998474121094,43.68000030517578,42.970001220703125,43.029998779296875,0.26726230312076904
192,2014-10-07 00:00:00+00:00,31.978628158569336,43.91999816894531,44.13999938964844,43.47999954223633,43.47999954223633,0.33832695445139044
193,2014-10-08 00:00:00+00:00,32.43733596801758,44.54999923706055,44.560001373291016,43.5099983215332,43.58000183105469,0.356507539005758
194,2014-10-09 00:00:00+00:00,31.942216873168945,43.869998931884766,44.75,43.869998931884766,44.439998626708984,0.33975642025986363
195,2014-10-10 00:00:00+00:00,32.379093170166016,44.470001220703125,44.869998931884766,43.849998474121094,43.880001068115234,0.35350365616335694
196,2014-10-13 00:00:00+00:00,32.08784484863281,44.06999969482422,44.630001068115234,44.029998779296875,44.279998779296875,0.26490453265566066
197,2014-10-14 00:00:00+00:00,31.774751663208008,43.63999938964844,44.119998931884766,43.470001220703125,44.040000915527344,0.2780457490740084
198,2014-10-15 00:00:00+00:00,31.476238250732422,43.22999954223633,43.529998779296875,42.70000076293945,42.70000076293945,0.30828812602738037
199,2014-10-16 00:00:00+00:00,30.988407135009766,42.560001373291016,42.939998626708984,42.380001068115234,42.650001525878906,0.301049816960527
200,2014-10-17 00:00:00+00:00,31.221399307250977,42.880001068115234,43.029998779296875,42.310001373291016,42.689998626708984,0.3121031189186022
201,2014-10-20 00:00:00+00:00,31.519914627075195,43.290000915527344,43.470001220703125,42.709999084472656,42.75,0.22593115742011496
202,2014-10-21 00:00:00+00:00,29.61954116821289,40.68000030517578,41.189998626708984,40.2599983215332,40.79999923706055,0.8166181953880839
203,2014-10-22 00:00:00+00:00,29.57585906982422,40.619998931884766,41.11000061035156,40.099998474121094,40.189998626708984,0.3813743843428004
204,2014-10-23 00:00:00+00:00,29.750608444213867,40.86000061035156,41.380001068115234,40.7400016784668,40.939998626708984,0.31381169293779126
205,2014-10-24 00:00:00+00:00,29.874393463134766,41.029998779296875,41.27000045776367,40.91999816894531,40.97999954223633,0.1603669424852042
206,2014-10-27 00:00:00+00:00,29.67779541015625,40.7599983215332,40.90999984741211,40.560001373291016,40.70000076293945,0.21937288548544784
207,2014-10-28 00:00:00+00:00,29.53217887878418,40.560001373291016,40.86000061035156,40.5099983215332,40.7599983215332,0.24151958229374523
208,2014-10-29 00:00:00+00:00,29.82342529296875,40.959999084472656,41.029998779296875,40.52000045776367,40.650001525878906,0.3510518216051344
209,2014-10-30 00:00:00+00:00,30.1437931060791,41.400001525878906,41.59000015258789,40.83000183105469,41.0,0.2359204557019803
210,2014-10-31 00:00:00+00:00,30.4932804107666,41.880001068115234,41.88999938964844,41.400001525878906,41.83000183105469,0.23872850018658617
211,2014-11-03 00:00:00+00:00,30.442317962646484,41.810001373291016,42.279998779296875,41.59000015258789,41.790000915527344,0.15781641773092736
212,2014-11-04 00:00:00+00:00,30.449588775634766,41.81999969482422,42.04999923706055,41.65999984741211,41.77000045776367,0.10962321933587668
213,2014-11-05 00:00:00+00:00,30.80637550354004,42.310001373291016,42.540000915527344,41.9900016784668,42.29999923706055,0.2726393767714119
214,2014-11-06 00:00:00+00:00,30.791807174682617,42.290000915527344,42.619998931884766,42.11000061035156,42.43000030517578,0.13157407778637892
215,2014-11-07 00:00:00+00:00,30.81364631652832,42.31999969482422,42.459999084472656,42.13999938964844,42.45000076293945,0.13581467214808465
216,2014-11-10 00:00:00+00:00,30.864620208740234,42.38999938964844,42.56999969482422,42.09000015258789,42.25,0.09394998257501228
217,2014-11-11 00:00:00+00:00,30.951988220214844,42.5099983215332,42.709999084472656,42.36000061035156,42.380001068115234,0.08585121836131099
218,2014-11-12 00:00:00+00:00,31.097618103027344,42.709999084472656,42.88999938964844,42.310001373291016,42.5099983215332,0.15069530327188843
219,2014-11-13 00:00:00+00:00,31.15584945678711,42.790000915527344,43.08000183105469,42.630001068115234,42.650001525878906,0.13895888011300028
220,2014-11-14 00:00:00+00:00,31.112178802490234,42.72999954223633,42.970001220703125,42.5,42.70000076293945,0.12248686957782187
221,2014-11-17 00:00:00+00:00,31.250505447387695,42.91999816894531,42.9900016784668,42.72999954223633,42.75,0.11823856504454938
222,2014-11-18 00:00:00+00:00,31.69466781616211,43.529998779296875,43.86000061035156,42.75,42.95000076293945,0.3569300564076152
223,2014-11-19 00:00:00+00:00,32.19706344604492,44.220001220703125,44.43000030517578,43.560001373291016,43.66999816894531,0.34550820824865
224,2014-11-20 00:00:00+00:00,32.21890640258789,44.25,44.41999816894531,43.849998474121094,43.959999084472656,0.1614371142986674
225,2014-11-21 00:00:00+00:00,32.40093231201172,44.5,44.7400016784668,44.279998779296875,44.58000183105469,0.1755821950550044
226,2014-11-24 00:00:00+00:00,32.233482360839844,44.27000045776367,44.779998779296875,44.20000076293945,44.5099983215332,0.15257658513417244
227,2014-11-25 00:00:00+00:00,32.34995651245117,44.43000030517578,44.59000015258789,44.119998931884766,44.27000045776367,0.11943672570602043
228,2014-11-26 00:00:00+00:00,32.47093200683594,44.290000915527344,44.369998931884766,43.970001220703125,43.9900016784668,0.0956508464226346
229,2014-11-28 00:00:00+00:00,32.866825103759766,44.83000183105469,45.0,44.150001525878906,44.150001525878906,0.11574046945692637
230,2014-12-01 00:00:00+00:00,32.661556243896484,44.54999923706055,44.77000045776367,44.130001068115234,44.18000030517578,0.10901257374779105
231,2014-12-02 00:00:00+00:00,32.65422439575195,44.540000915527344,44.66999816894531,44.22999954223633,44.369998931884766,0.10611971737595108
232,2014-12-03 00:00:00+00:00,32.111698150634766,43.79999923706055,44.439998626708984,43.7599983215332,44.41999816894531,0.18890228745370044
233,2014-12-04 00:00:00+00:00,31.891746520996094,43.5,43.84000015258789,43.369998931884766,43.619998931884766,0.16628372814551873
234,2014-12-05 00:00:00+00:00,31.913742065429688,43.529998779296875,43.61000061035156,43.20000076293945,43.5,0.14711932569923547
235,2014-12-08 00:00:00+00:00,31.627819061279297,43.13999938964844,43.630001068115234,43.09000015258789,43.5099983215332,0.15121188476685984
236,2014-12-09 00:00:00+00:00,30.821361541748047,42.040000915527344,42.529998779296875,41.66999816894531,42.150001525878906,0.3503239814092343
237,2014-12-10 00:00:00+00:00,30.4987735748291,41.599998474121094,42.2400016784668,41.560001373291016,42.040000915527344,0.23635993548128434
238,2014-12-11 00:00:00+00:00,30.447467803955078,41.529998779296875,42.0099983215332,41.5,41.619998931884766,0.20362871514616945
239,2014-12-12 00:00:00+00:00,29.9929141998291,40.90999984741211,41.61000061035156,40.869998931884766,41.38999938964844,0.23802995864263973
240,2014-12-15 00:00:00+00:00,29.74364471435547,40.56999969482422,41.18000030517578,40.560001373291016,41.130001068115234,0.3143005178151224
241,2014-12-16 00:00:00+00:00,29.61168098449707,40.38999938964844,41.310001373291016,39.79999923706055,40.20000076293945,0.3157947490647562
242,2014-12-17 00:00:00+00:00,30.46211814880371,41.54999923706055,41.7599983215332,40.380001068115234,40.439998626708984,0.2656555033662609
243,2014-12-18 00:00:00+00:00,31.077964782714844,42.38999938964844,42.38999938964844,41.75,41.86000061035156,0.23183560680592266
244,2014-12-19 00:00:00+00:00,30.755380630493164,41.95000076293945,42.790000915527344,41.88999938964844,42.439998626708984,0.3240307543323454
245,2014-12-22 00:00:00+00:00,31.04863929748535,42.349998474121094,42.439998626708984,42.09000015258789,42.13999938964844,0.12636354384157758
246,2014-12-23 00:00:00+00:00,31.503189086914062,42.970001220703125,43.13999938964844,42.470001220703125,42.540000915527344,0.16060287373514637
247,2014-12-24 00:00:00+00:00,31.48118782043457,42.939998626708984,43.22999954223633,42.91999816894531,43.099998474121094,0.05257720194789776
248,2014-12-26 00:00:00+00:00,31.495853424072266,42.959999084472656,43.29999923706055,42.93000030517578,42.970001220703125,0.05351784287903975
249,2014-12-29 00:00:00+00:00,31.422531127929688,42.86000061035156,43.060001373291016,42.4900016784668,42.79999923706055,0.08786819924316958
250,2014-12-30 00:00:00+00:00,31.349218368530273,42.7599983215332,42.9900016784668,42.650001525878906,42.7400016784668,0.09600243024607785
251,2014-12-31 00:00:00+00:00,30.95332908630371,42.220001220703125,42.939998626708984,42.220001220703125,42.91999816894531,0.09827693085826547
252,2015-01-02 00:00:00+00:00,30.894685745239258,42.13999938964844,42.400001525878906,41.79999923706055,42.2599983215332,0.1067827921306905
253,2015-01-05 00:00:00+00:00,30.894685745239258,42.13999938964844,42.970001220703125,42.08000183105469,42.689998626708984,0.3592369397403831
254,2015-01-06 00:00:00+00:00,31.129281997680664,42.459999084472656,42.939998626708984,42.2400016784668,42.40999984741211,0.21436127396706836
255,2015-01-07 00:00:00+00:00,31.51784324645996,42.9900016784668,43.11000061035156,42.58000183105469,42.79999923706055,0.16061829407827985
256,2015-01-08 00:00:00+00:00,31.899070739746094,43.5099983215332,43.56999969482422,43.099998474121094,43.18000030517578,0.2890897988262035
257,2015-01-09 00:00:00+00:00,31.54717254638672,43.029998779296875,43.560001373291016,42.95000076293945,43.470001220703125,0.15015096515927676
258,2015-01-12 00:00:00+00:00,31.261253356933594,42.63999938964844,43.20000076293945,42.459999084472656,43.06999969482422,0.1298315790122962
259,2015-01-13 00:00:00+00:00,31.25391387939453,42.630001068115234,43.2400016784668,42.45000076293945,42.83000183105469,0.14700521516004778
260,2015-01-14 00:00:00+00:00,31.202611923217773,42.560001373291016,42.599998474121094,42.06999969482422,42.08000183105469,0.16116263219089152
261,2015-01-15 00:00:00+00:00,31.07061767578125,42.380001068115234,42.86000061035156,42.16999816894531,42.83000183105469,0.12639746859647122
262,2015-01-16 00:00:00+00:00,31.180604934692383,42.529998779296875,42.59000015258789,42.2400016784668,42.36000061035156,0.18687297029733507
263,2015-01-20 00:00:00+00:00,31.642484664916992,43.15999984741211,43.33000183105469,42.61000061035156,42.70000076293945,0.21667124136846297
264,2015-01-21 00:00:00+00:00,31.78911590576172,43.36000061035156,43.43000030517578,42.7599983215332,42.88999938964844,0.1191113564659041
265,2015-01-22 00:00:00+00:00,32.097023010253906,43.779998779296875,43.83000183105469,43.06999969482422,43.369998931884766,0.18061539505377075
266,2015-01-23 00:00:00+00:00,31.752458572387695,43.310001373291016,43.75,43.18000030517578,43.599998474121094,0.1443560002097167
267,2015-01-26 00:00:00+00:00,31.525177001953125,43.0,43.22999954223633,42.83000183105469,43.18000030517578,0.12576215045937203
268,2015-01-27 00:00:00+00:00,31.077964782714844,42.38999938964844,42.63999938964844,42.150001525878906,42.540000915527344,0.18932634688987102
269,2015-01-28 00:00:00+00:00,30.73337745666504,41.91999816894531,42.79999923706055,41.900001525878906,42.59000015258789,0.17397539530049624
270,2015-01-29 00:00:00+00:00,30.865346908569336,42.099998474121094,42.150001525878906,41.470001220703125,41.77000045776367,0.16440553035186142
271,2015-01-30 00:00:00+00:00,30.18353271484375,41.16999816894531,41.93000030517578,41.11000061035156,41.83000183105469,0.24976946587015456
272,2015-02-02 00:00:00+00:00,30.491443634033203,41.59000015258789,41.630001068115234,40.900001525878906,41.209999084472656,0.18814669064016015
273,2015-02-03 00:00:00+00:00,30.520774841308594,41.630001068115234,41.849998474121094,41.369998931884766,41.75,0.15723815486342205
274,2015-02-04 00:00:00+00:00,30.557435989379883,41.68000030517578,42.09000015258789,41.619998931884766,41.77000045776367,0.20668965325816432
275,2015-02-05 00:00:00+00:00,30.6380672454834,41.790000915527344,41.81999969482422,41.5099983215332,41.79999923706055,0.12463029727337493
276,2015-02-06 00:00:00+00:00,30.388813018798828,41.45000076293945,41.7599983215332,41.31999969482422,41.630001068115234,0.14449015719497793
277,2015-02-09 00:00:00+00:00,30.227514266967773,41.22999954223633,41.45000076293945,41.040000915527344,41.380001068115234,0.15998297594118066
278,2015-02-10 00:00:00+00:00,31.08530044555664,42.400001525878906,43.029998779296875,42.20000076293945,42.90999984741211,0.45008743334556683
279,2015-02-11 00:00:00+00:00,31.063297271728516,42.369998931884766,42.4900016784668,41.70000076293945,42.099998474121094,0.2698560048358196
280,2015-02-12 00:00:00+00:00,30.916671752929688,42.16999816894531,42.65999984741211,42.06999969482422,42.400001525878906,0.16687741135615752
281,2015-02-13 00:00:00+00:00,30.784698486328125,41.9900016784668,42.22999954223633,41.7599983215332,42.02000045776367,0.1202139109999476
282,2015-02-17 00:00:00+00:00,30.65273666381836,41.810001373291016,41.880001068115234,41.63999938964844,41.810001373291016,0.15124118341881346
283,2015-02-18 00:00:00+00:00,30.59409523010254,41.72999954223633,41.79999923706055,41.470001220703125,41.75,0.10475810107726519
284,2015-02-19 00:00:00+00:00,30.872678756713867,42.11000061035156,42.2400016784668,41.529998779296875,41.68000030517578,0.20943910043886302
285,2015-02-20 00:00:00+00:00,30.77004051208496,41.970001220703125,42.11000061035156,41.63999938964844,42.040000915527344,0.200250117965625
286,2015-02-23 00:00:00+00:00,30.682065963745117,41.849998474121094,42.16999816894531,41.689998626708984,41.709999084472656,0.13622331124112175
287,2015-02-24 00:00:00+00:00,30.88733673095703,42.130001068115234,42.33000183105469,41.77000045776367,41.849998474121094,0.15090964604144375
288,2015-02-25 00:00:00+00:00,30.828693389892578,42.04999923706055,42.2400016784668,41.7400016784668,42.16999816894531,0.11298485413897433
289,2015-02-26 00:00:00+00:00,31.129281997680664,42.459999084472656,42.54999923706055,41.970001220703125,42.040000915527344,0.17502397863357258
290,2015-02-27 00:00:00+00:00,31.745121002197266,43.29999923706055,43.65999984741211,42.470001220703125,42.52000045776367,0.39038911693863015
291,2015-03-02 00:00:00+00:00,31.67180824279785,43.20000076293945,43.29999923706055,43.08000183105469,43.29999923706055,0.16219579518083438
292,2015-03-03 00:00:00+00:00,31.488523483276367,42.95000076293945,43.15999984741211,42.84000015258789,43.11000061035156,0.10855921565966689
293,2015-03-04 00:00:00+00:00,31.15860366821289,42.5,42.97999954223633,42.470001220703125,42.91999816894531,0.2045770662488782
294,2015-03-05 00:00:00+00:00,31.08530044555664,42.400001525878906,42.61000061035156,42.25,42.560001373291016,0.09601785058921133
295,2015-03-06 00:00:00+00:00,30.44012451171875,41.52000045776367,42.20000076293945,41.33000183105469,42.119998931884766,0.23414557420731727
296,2015-03-09 00:00:00+00:00,30.344810485839844,41.38999938964844,41.54999923706055,41.31999969482422,41.529998779296875,0.10990078551227925
297,2015-03-10 00:00:00+00:00,29.831626892089844,40.689998626708984,41.150001525878906,40.68000030517578,41.099998474121094,0.17891915730908847
298,2015-03-11 00:00:00+00:00,29.399063110351562,40.099998474121094,40.72999954223633,40.08000183105469,40.72999954223633,0.23983876489219644
299,2015-03-12 00:00:00+00:00,29.990446090698242,40.56999969482422,40.56999969482422,40.02000045776367,40.099998474121094,0.22717866317961308
300,2015-03-13 00:00:00+00:00,29.502552032470703,39.90999984741211,40.56999969482422,39.61000061035156,40.439998626708984,0.22270213756796517
301,2015-03-16 00:00:00+00:00,29.783458709716797,40.290000915527344,40.349998474121094,39.9900016784668,40.0,0.1887835508115727
302,2015-03-17 00:00:00+00:00,29.94609260559082,40.5099983215332,40.72999954223633,40.31999969482422,40.66999816894531,0.2878284147578852
303,2015-03-18 00:00:00+00:00,30.01261329650879,40.599998474121094,40.790000915527344,39.79999923706055,40.47999954223633,0.3585414822650634
304,2015-03-19 00:00:00+00:00,29.5838680267334,40.02000045776367,40.52000045776367,39.959999084472656,40.47999954223633,0.20140972776926236
305,2015-03-20 00:00:00+00:00,30.049571990966797,40.650001525878906,40.65999984741211,40.0099983215332,40.06999969482422,0.44120994180362505
306,2015-03-23 00:00:00+00:00,30.027402877807617,40.619998931884766,40.939998626708984,40.5,40.63999938964844,0.21687478989782485
307,2015-03-24 00:00:00+00:00,29.916532516479492,40.470001220703125,40.9900016784668,40.470001220703125,40.90999984741211,0.16175014726427694
308,2015-03-25 00:00:00+00:00,29.901737213134766,40.45000076293945,40.70000076293945,40.2400016784668,40.59000015258789,0.3055540991898152
309,2015-03-26 00:00:00+00:00,29.827810287475586,40.349998474121094,40.560001373291016,40.22999954223633,40.34000015258789,0.22148701452904732
310,2015-03-27 00:00:00+00:00,29.62822914123535,40.08000183105469,40.47999954223633,39.970001220703125,40.47999954223633,0.1756084096383313
311,2015-03-30 00:00:00+00:00,29.94609260559082,40.5099983215332,40.61000061035156,39.939998626708984,40.11000061035156,0.14749712410600563
312,2015-03-31 00:00:00+00:00,29.97565269470215,40.54999923706055,40.900001525878906,40.349998474121094,40.5099983215332,0.20984773953190008
313,2015-04-01 00:00:00+00:00,30.071758270263672,40.68000030517578,40.810001373291016,40.22999954223633,40.790000915527344,0.1743177269180594
314,2015-04-02 00:00:00+00:00,30.071758270263672,40.68000030517578,40.869998931884766,40.47999954223633,40.72999954223633,0.17497154946691876
315,2015-04-06 00:00:00+00:00,30.43398094177246,41.16999816894531,41.61000061035156,40.59000015258789,40.77000045776367,0.25978806280397354
316,2015-04-07 00:00:00+00:00,30.315706253051758,41.0099983215332,41.369998931884766,40.970001220703125,41.04999923706055,0.10450520744987618
317,2015-04-08 00:00:00+00:00,30.226999282836914,40.88999938964844,41.09000015258789,40.7400016784668,40.97999954223633,0.09188057252649987
318,2015-04-09 00:00:00+00:00,30.34526824951172,41.04999923706055,41.08000183105469,40.630001068115234,40.79999923706055,0.1498024654044602
319,2015-04-10 00:00:00+00:00,30.219606399536133,40.880001068115234,41.15999984741211,40.849998474121094,41.09000015258789,0.08826141799307319
320,2015-04-13 00:00:00+00:00,30.086549758911133,40.70000076293945,40.970001220703125,40.70000076293945,40.970001220703125,0.1020826715436072
321,2015-04-14 00:00:00+00:00,29.94609260559082,40.5099983215332,40.650001525878906,40.31999969482422,40.59000015258789,0.12665344629248693
322,2015-04-15 00:00:00+00:00,29.864774703979492,40.400001525878906,40.810001373291016,40.31999969482422,40.59000015258789,0.12633578722393732
323,2015-04-16 00:00:00+00:00,30.01261329650879,40.599998474121094,40.86000061035156,40.29999923706055,40.40999984741211,0.15612634812349846
324,2015-04-17 00:00:00+00:00,29.79085350036621,40.29999923706055,40.65999984741211,40.099998474121094,40.470001220703125,0.19019451220828568
325,2015-04-20 00:00:00+00:00,30.056976318359375,40.65999984741211,40.900001525878906,40.40999984741211,40.41999816894531,0.1546259487366113
326,2015-04-21 00:00:00+00:00,30.145675659179688,40.779998779296875,40.9900016784668,40.540000915527344,40.66999816894531,0.25716197836834265
327,2015-04-22 00:00:00+00:00,30.537473678588867,41.310001373291016,41.56999969482422,41.06999969482422,41.560001373291016,0.3684058757675476
328,2015-04-23 00:00:00+00:00,30.2713565826416,40.95000076293945,41.40999984741211,40.91999816894531,41.22999954223633,0.22224569541121433
329,2015-04-24 00:00:00+00:00,30.226999282836914,40.88999938964844,41.119998931884766,40.810001373291016,41.040000915527344,0.13303130021249235
330,2015-04-27 00:00:00+00:00,30.18265151977539,40.83000183105469,41.150001525878906,40.779998779296875,41.0,0.10868720450767472
331,2015-04-28 00:00:00+00:00,30.138288497924805,40.77000045776367,40.970001220703125,40.599998474121094,40.95000076293945,0.14153561945060403
332,2015-04-29 00:00:00+00:00,29.93130874633789,40.4900016784668,40.75,40.400001525878906,40.65999984741211,0.12914691577716989
333,2015-04-30 00:00:00+00:00,29.983049392700195,40.560001373291016,40.58000183105469,40.279998779296875,40.400001525878906,0.1496467199388121
334,2015-05-01 00:00:00+00:00,30.24178123474121,40.90999984741211,40.93000030517578,40.5,40.58000183105469,0.12108053428404891
335,2015-05-04 00:00:00+00:00,30.27873420715332,40.959999084472656,41.099998474121094,40.77000045776367,40.880001068115234,0.1111575434776575
336,2015-05-05 00:00:00+00:00,30.123493194580078,40.75,41.13999938964844,40.68000030517578,41.13999938964844,0.13454249383957295
337,2015-05-06 00:00:00+00:00,30.056976318359375,40.65999984741211,41.09000015258789,40.38999938964844,41.040000915527344,0.13740450952514596
338,2015-05-07 00:00:00+00:00,30.086549758911133,40.70000076293945,40.90999984741211,40.5099983215332,40.529998779296875,0.16713184701785985
339,2015-05-08 00:00:00+00:00,30.293519973754883,40.97999954223633,41.16999816894531,40.849998474121094,41.0,0.12564649788587098
340,2015-05-11 00:00:00+00:00,30.263957977294922,40.939998626708984,41.38999938964844,40.880001068115234,40.97999954223633,0.10974966614957118
341,2015-05-12 00:00:00+00:00,30.079145431518555,40.689998626708984,40.959999084472656,40.52000045776367,40.77000045776367,0.14476926540569382
342,2015-05-13 00:00:00+00:00,30.34526824951172,41.04999923706055,41.36000061035156,40.720001220703125,40.75,0.1570932036379674
343,2015-05-14 00:00:00+00:00,30.677921295166016,41.5,41.599998474121094,41.2599983215332,41.29999923706055,0.10739806382171618
344,2015-05-15 00:00:00+00:00,30.692710876464844,41.52000045776367,41.689998626708984,41.43000030517578,41.45000076293945,0.08454511529790562
345,2015-05-18 00:00:00+00:00,30.54486846923828,41.31999969482422,41.4900016784668,41.25,41.4900016784668,0.13131038991879648
346,2015-05-19 00:00:00+00:00,30.537473678588867,41.310001373291016,41.38999938964844,41.130001068115234,41.22999954223633,0.09368937877605654
347,2015-05-20 00:00:00+00:00,30.56703758239746,41.349998474121094,41.59000015258789,41.310001373291016,41.369998931884766,0.12288317239635219
348,2015-05-21 00:00:00+00:00,30.47834587097168,41.22999954223633,41.31999969482422,41.06999969482422,41.2599983215332,0.09675648502530479
349,2015-05-22 00:00:00+00:00,30.463558197021484,41.209999084472656,41.2400016784668,41.040000915527344,41.119998931884766,0.137444602417293
350,2015-05-26 00:00:00+00:00,30.300928115844727,40.9900016784668,41.18000030517578,40.7400016784668,41.119998931884766,0.18809734554213303
351,2015-05-27 00:00:00+00:00,30.39701271057129,41.119998931884766,41.20000076293945,40.83000183105469,40.939998626708984,0.10588841222894893
352,2015-05-28 00:00:00+00:00,30.41179847717285,41.13999938964844,41.29999923706055,40.880001068115234,41.20000076293945,0.09867323367679579
353,2015-05-29 00:00:00+00:00,30.27873420715332,40.959999084472656,41.18000030517578,40.77000045776367,41.18000030517578,0.256475773098903
354,2015-06-01 00:00:00+00:00,30.263957977294922,40.939998626708984,41.40999984741211,40.880001068115234,41.36000061035156,0.14938920020848306
355,2015-06-02 00:00:00+00:00,30.300928115844727,40.9900016784668,41.15999984741211,40.68000030517578,40.84000015258789,0.13696811381446863
356,2015-06-03 00:00:00+00:00,30.21221160888672,40.869998931884766,41.209999084472656,40.779998779296875,41.099998474121094,0.07953041971089941
357,2015-06-04 00:00:00+00:00,30.00522232055664,40.59000015258789,40.97999954223633,40.529998779296875,40.709999084472656,0.11024774323278244
358,2015-06-05 00:00:00+00:00,29.643003463745117,40.099998474121094,40.52000045776367,40.08000183105469,40.47999954223633,0.20014525963231736
359,2015-06-08 00:00:00+00:00,29.68736457824707,40.15999984741211,40.2599983215332,40.02000045776367,40.099998474121094,0.17491295216301156
360,2015-06-09 00:00:00+00:00,29.7169189453125,40.20000076293945,40.41999816894531,40.11000061035156,40.16999816894531,0.11991475634315818
361,2015-06-10 00:00:00+00:00,29.813026428222656,40.33000183105469,40.540000915527344,40.279998779296875,40.31999969482422,0.13853019457388968
362,2015-06-11 00:00:00+00:00,29.887557983398438,40.099998474121094,40.25,40.029998779296875,40.11000061035156,0.13799048256421803
363,2015-06-12 00:00:00+00:00,29.783218383789062,39.959999084472656,40.119998931884766,39.84000015258789,40.040000915527344,0.19386917997699288
364,2015-06-15 00:00:00+00:00,29.507448196411133,39.59000015258789,39.86000061035156,39.56999969482422,39.83000183105469,0.12904514151248897
365,2015-06-16 00:00:00+00:00,29.872652053833008,40.08000183105469,40.15999984741211,39.599998474121094,39.630001068115234,0.14681862900813272
366,2015-06-17 00:00:00+00:00,30.01426124572754,40.27000045776367,40.31999969482422,40.0099983215332,40.08000183105469,0.16811412287546224
367,2015-06-18 00:00:00+00:00,30.2974796295166,40.650001525878906,40.7400016784668,40.15999984741211,40.15999984741211,0.20537275595456553
368,2015-06-19 00:00:00+00:00,30.111160278320312,40.400001525878906,40.650001525878906,40.400001525878906,40.59000015258789,0.31695435886839357
369,2015-06-22 00:00:00+00:00,30.170787811279297,40.47999954223633,40.810001373291016,40.459999084472656,40.5099983215332,0.08912341517423447
370,2015-06-23 00:00:00+00:00,30.096256256103516,40.380001068115234,40.52000045776367,40.310001373291016,40.43000030517578,0.12488319090076394
371,2015-06-24 00:00:00+00:00,29.954641342163086,40.189998626708984,40.45000076293945,40.189998626708984,40.369998931884766,0.1139378313446231
372,2015-06-25 00:00:00+00:00,29.827943801879883,40.02000045776367,40.34000015258789,40.02000045776367,40.279998779296875,0.11736885769182137
373,2015-06-26 00:00:00+00:00,29.813026428222656,40.0,40.349998474121094,40.0,40.099998474121094,0.20384614198435144
374,2015-06-29 00:00:00+00:00,29.365833282470703,39.400001525878906,39.97999954223633,39.400001525878906,39.79999923706055,0.19282368071254324
375,2015-06-30 00:00:00+00:00,29.239126205444336,39.22999954223633,39.61000061035156,39.119998931884766,39.61000061035156,0.1792614889266516
376,2015-07-01 00:00:00+00:00,29.44036102294922,39.5,39.599998474121094,39.279998779296875,39.380001068115234,0.12615536920927567
377,2015-07-02 00:00:00+00:00,29.43291664123535,39.4900016784668,39.810001373291016,39.349998474121094,39.630001068115234,0.09220748380092955
378,2015-07-06 00:00:00+00:00,29.380739212036133,39.41999816894531,39.599998474121094,39.220001220703125,39.31999969482422,0.1118946358794376
379,2015-07-07 00:00:00+00:00,29.999359130859375,40.25,40.380001068115234,39.400001525878906,39.4900016784668,0.26736870348839004
380,2015-07-08 00:00:00+00:00,29.708681106567383,39.86000061035156,40.22999954223633,39.84000015258789,39.9900016784668,0.12933658599771164
381,2015-07-09 00:00:00+00:00,29.75340461730957,39.91999816894531,40.58000183105469,39.900001525878906,40.459999084472656,0.1603052611126703
382,2015-07-10 00:00:00+00:00,30.10370635986328,40.38999938964844,40.52000045776367,40.15999984741211,40.27000045776367,0.15981797826965247
383,2015-07-13 00:00:00+00:00,30.304946899414062,40.65999984741211,40.77000045776367,40.4900016784668,40.560001373291016,0.105751171175061
384,2015-07-14 00:00:00+00:00,30.685060501098633,41.16999816894531,41.2599983215332,40.84000015258789,40.900001525878906,0.2549707476090758
385,2015-07-15 00:00:00+00:00,30.655244827270508,41.130001068115234,41.36000061035156,41.099998474121094,41.150001525878906,0.12730726884134627
386,2015-07-16 00:00:00+00:00,30.91610336303711,41.47999954223633,41.599998474121094,41.349998474121094,41.41999816894531,0.11545827717758378
387,2015-07-17 00:00:00+00:00,30.74468994140625,41.25,41.31999969482422,41.04999923706055,41.310001373291016,0.1019593087985394
388,2015-07-20 00:00:00+00:00,30.841577529907227,41.380001068115234,41.540000915527344,41.220001220703125,41.349998474121094,0.10837262950775184
389,2015-07-21 00:00:00+00:00,30.699966430664062,41.189998626708984,41.52000045776367,41.099998474121094,41.380001068115234,0.16434230694501417
390,2015-07-22 00:00:00+00:00,30.483827590942383,40.900001525878906,41.59000015258789,40.59000015258789,40.810001373291016,0.19325236625165385
391,2015-07-23 00:00:00+00:00,30.439098358154297,40.84000015258789,41.02000045776367,40.47999954223633,40.9900016784668,0.1623129897886488
392,2015-07-24 00:00:00+00:00,30.140975952148438,40.439998626708984,40.83000183105469,40.40999984741211,40.7599983215332,0.12207052031321802
393,2015-07-27 00:00:00+00:00,30.215505599975586,40.540000915527344,40.58000183105469,40.15999984741211,40.279998779296875,0.12258247570524941
394,2015-07-28 00:00:00+00:00,30.222957611083984,40.54999923706055,40.72999954223633,40.439998626708984,40.650001525878906,0.1237559638177069
395,2015-07-29 00:00:00+00:00,30.252765655517578,40.59000015258789,40.709999084472656,40.4900016784668,40.529998779296875,0.08455899360672575
396,2015-07-30 00:00:00+00:00,30.23041534423828,40.560001373291016,40.75,40.38999938964844,40.54999923706055,0.09405175683969322
397,2015-07-31 00:00:00+00:00,30.61798858642578,41.08000183105469,41.220001220703125,40.77000045776367,40.880001068115234,0.1898737690711094
398,2015-08-03 00:00:00+00:00,30.96082878112793,41.540000915527344,41.54999923706055,40.84000015258789,40.849998474121094,0.18005255252939892
399,2015-08-04 00:00:00+00:00,31.19188690185547,41.849998474121094,41.869998931884766,41.34000015258789,41.5099983215332,0.22457570925868245
400,2015-08-05 00:00:00+00:00,31.39311981201172,42.119998931884766,42.220001220703125,41.81999969482422,41.91999816894531,0.19017754983083887
401,2015-08-06 00:00:00+00:00,31.244050979614258,41.91999816894531,42.25,41.86000061035156,42.0,0.12926256835067096
402,2015-08-07 00:00:00+00:00,31.13226318359375,41.77000045776367,41.970001220703125,41.529998779296875,41.810001373291016,0.12167267546037436
403,2015-08-10 00:00:00+00:00,31.065183639526367,41.68000030517578,41.9900016784668,41.58000183105469,41.88999938964844,0.10031858428913762
404,2015-08-11 00:00:00+00:00,30.91610336303711,41.47999954223633,41.56999969482422,41.16999816894531,41.400001525878906,0.12735044580212002
405,2015-08-12 00:00:00+00:00,30.752140045166016,41.2599983215332,41.2599983215332,40.849998474121094,41.130001068115234,0.10186524470542521
406,2015-08-13 00:00:00+00:00,30.632892608642578,41.099998474121094,41.380001068115234,41.0099983215332,41.279998779296875,0.11217682815878022
407,2015-08-14 00:00:00+00:00,30.74468994140625,41.25,41.25,40.959999084472656,41.0099983215332,0.10653144053761487
408,2015-08-17 00:00:00+00:00,30.81922149658203,41.349998474121094,41.45000076293945,40.970001220703125,41.029998779296875,0.081365440543783
409,2015-08-18 00:00:00+00:00,30.781951904296875,41.29999923706055,41.529998779296875,41.189998626708984,41.279998779296875,0.12649461675821214
410,2015-08-19 00:00:00+00:00,30.394367218017578,40.779998779296875,41.2400016784668,40.779998779296875,41.13999938964844,0.1973834761771119
411,2015-08-20 00:00:00+00:00,30.222957611083984,40.54999923706055,40.81999969482422,40.41999816894531,40.52000045776367,0.17304246454092098
412,2015-08-21 00:00:00+00:00,29.462724685668945,39.529998779296875,40.470001220703125,39.5099983215332,40.15999984741211,0.38612385002791083
413,2015-08-24 00:00:00+00:00,28.605602264404297,38.380001068115234,38.939998626708984,36.560001373291016,37.9900016784668,0.6332980721487016
414,2015-08-25 00:00:00+00:00,28.314924240112305,37.9900016784668,39.279998779296875,37.93000030517578,39.130001068115234,0.43743504180455023
415,2015-08-26 00:00:00+00:00,28.866466522216797,38.72999954223633,38.83000183105469,37.88999938964844,38.75,0.3165333835008497
416,2015-08-27 00:00:00+00:00,29.268939971923828,39.27000045776367,39.380001068115234,38.599998474121094,39.060001373291016,0.24480257334686215
417,2015-08-28 00:00:00+00:00,29.403099060058594,39.45000076293945,39.470001220703125,39.04999923706055,39.11000061035156,0.1774511406427816
418,2015-08-31 00:00:00+00:00,29.306203842163086,39.31999969482422,39.45000076293945,39.060001373291016,39.150001525878906,0.14922266050264152
419,2015-09-01 00:00:00+00:00,28.88137435913086,38.75,39.029998779296875,38.540000915527344,38.66999816894531,0.3193075032305619
420,2015-09-02 00:00:00+00:00,28.9931640625,38.900001525878906,39.06999969482422,38.560001373291016,39.029998779296875,0.1705258645415378
421,2015-09-03 00:00:00+00:00,29.18696403503418,39.15999984741211,39.34000015258789,38.84000015258789,38.900001525878906,0.15906546552473888
422,2015-09-04 00:00:00+00:00,28.709951400756836,38.52000045776367,38.790000915527344,38.380001068115234,38.68000030517578,0.19204803745292942
423,2015-09-08 00:00:00+00:00,28.9931640625,38.900001525878906,39.029998779296875,38.599998474121094,38.869998931884766,0.18932480485555767
424,2015-09-09 00:00:00+00:00,28.545982360839844,38.29999923706055,39.209999084472656,38.20000076293945,39.119998931884766,0.16605088096420323
425,2015-09-10 00:00:00+00:00,28.63541030883789,38.41999816894531,38.650001525878906,38.25,38.310001373291016,0.18436870657245868
426,2015-09-11 00:00:00+00:00,28.66549301147461,38.130001068115234,38.189998626708984,37.84000015258789,38.0099983215332,0.13579154163338444
427,2015-09-14 00:00:00+00:00,28.642929077148438,38.099998474121094,38.220001220703125,37.849998474121094,38.220001220703125,0.09180809691377254
428,2015-09-15 00:00:00+00:00,28.943645477294922,38.5,38.630001068115234,37.91999816894531,38.06999969482422,0.15456580939839076
429,2015-09-16 00:00:00+00:00,29.432302474975586,39.150001525878906,39.189998626708984,38.470001220703125,38.66999816894531,0.29664268289297974
430,2015-09-17 00:00:00+00:00,29.60521697998047,39.380001068115234,39.61000061035156,39.040000915527344,39.150001525878906,0.28120846145068423
431,2015-09-18 00:00:00+00:00,29.30449104309082,38.97999954223633,39.29999923706055,38.709999084472656,38.86000061035156,0.3782764374072852
432,2015-09-21 00:00:00+00:00,29.46238136291504,39.189998626708984,39.310001373291016,38.939998626708984,39.04999923706055,0.15327050057517883
433,2015-09-22 00:00:00+00:00,29.161659240722656,38.790000915527344,38.9900016784668,38.58000183105469,38.68000030517578,0.18542962618004177
434,2015-09-23 00:00:00+00:00,29.13911247253418,38.7599983215332,38.880001068115234,38.54999923706055,38.790000915527344,0.09120361946294031
435,2015-09-24 00:00:00+00:00,29.432302474975586,39.150001525878906,39.20000076293945,38.5099983215332,38.52000045776367,0.2527301717517818
436,2015-09-25 00:00:00+00:00,29.785633087158203,39.619998931884766,40.08000183105469,39.33000183105469,39.43000030517578,0.30092799624977257
437,2015-09-28 00:00:00+00:00,29.717985153198242,39.529998779296875,39.81999969482422,39.33000183105469,39.52000045776367,0.25176485827162626
438,2015-09-29 00:00:00+00:00,29.815715789794922,39.65999984741211,39.709999084472656,39.33000183105469,39.52000045776367,0.1722544850068004
439,2015-09-30 00:00:00+00:00,30.161535263061523,40.119998931884766,40.22999954223633,39.79999923706055,39.880001068115234,0.25838789564745396
440,2015-10-01 00:00:00+00:00,29.920961380004883,39.79999923706055,40.470001220703125,39.599998474121094,40.220001220703125,0.2561365255499665
441,2015-10-02 00:00:00+00:00,30.364513397216797,40.38999938964844,40.38999938964844,39.36000061035156,39.560001373291016,0.1933865232369151
442,2015-10-05 00:00:00+00:00,30.830610275268555,41.0099983215332,41.04999923706055,40.43000030517578,40.45000076293945,0.19534028071192644
443,2015-10-06 00:00:00+00:00,30.79303550720215,40.959999084472656,41.34000015258789,40.93000030517578,41.040000915527344,0.178615376549359
444,2015-10-07 00:00:00+00:00,31.214033126831055,41.52000045776367,41.61000061035156,41.099998474121094,41.13999938964844,0.1747649168689302
445,2015-10-08 00:00:00+00:00,31.559850692749023,41.97999954223633,41.9900016784668,41.2599983215332,41.2599983215332,0.1382264138141602
446,2015-10-09 00:00:00+00:00,31.58991813659668,42.02000045776367,42.119998931884766,41.779998779296875,41.81999969482422,0.16861991013024025
447,2015-10-12 00:00:00+00:00,31.574886322021484,42.0,42.290000915527344,41.810001373291016,41.83000183105469,0.14345236810209502
448,2015-10-13 00:00:00+00:00,31.311765670776367,41.650001525878906,41.90999984741211,41.540000915527344,41.79999923706055,0.15277396552628092
449,2015-10-14 00:00:00+00:00,31.334320068359375,41.68000030517578,41.959999084472656,41.560001373291016,41.560001373291016,0.1724564915018489
450,2015-10-15 00:00:00+00:00,31.514741897583008,41.91999816894531,42.029998779296875,41.599998474121094,41.869998931884766,0.13578074739319101
451,2015-10-16 00:00:00+00:00,31.58991813659668,42.02000045776367,42.209999084472656,41.880001068115234,42.15999984741211,0.268127384370557
452,2015-10-19 00:00:00+00:00,31.567367553710938,41.9900016784668,42.060001373291016,41.79999923706055,41.900001525878906,0.19364095889861743
453,2015-10-20 00:00:00+00:00,31.792911529541016,42.290000915527344,42.400001525878906,42.0,42.0,0.20359479039127582
454,2015-10-21 00:00:00+00:00,31.717723846435547,42.189998626708984,42.52000045776367,41.709999084472656,41.939998626708984,0.2507131908699232
455,2015-10-22 00:00:00+00:00,32.5070915222168,43.2400016784668,43.849998474121094,42.40999984741211,42.439998626708984,0.507697835292231
456,2015-10-23 00:00:00+00:00,32.168785095214844,42.790000915527344,43.310001373291016,42.75,43.310001373291016,0.24363833744028476
457,2015-10-26 00:00:00+00:00,32.0184440612793,42.59000015258789,42.88999938964844,42.459999084472656,42.7599983215332,0.18184131233288206
458,2015-10-27 00:00:00+00:00,32.033477783203125,42.61000061035156,42.77000045776367,42.47999954223633,42.5,0.41897534903946687
459,2015-10-28 00:00:00+00:00,32.12368392944336,42.72999954223633,42.84000015258789,42.209999084472656,42.75,0.16455048157731608
460,2015-10-29 00:00:00+00:00,32.168785095214844,42.790000915527344,42.900001525878906,42.34000015258789,42.65999984741211,0.09916976872569369
461,2015-10-30 00:00:00+00:00,31.838008880615234,42.349998474121094,42.86000061035156,42.349998474121094,42.79999923706055,0.1905938990954427
462,2015-11-02 00:00:00+00:00,31.755319595336914,42.2400016784668,42.36000061035156,41.900001525878906,42.31999969482422,0.20441052654303668
463,2015-11-03 00:00:00+00:00,31.695171356201172,42.15999984741211,42.31999969482422,41.810001373291016,42.18000030517578,0.10326695389625812
464,2015-11-04 00:00:00+00:00,31.55234146118164,41.970001220703125,42.38999938964844,41.88999938964844,42.27000045776367,0.11553229482462446
465,2015-11-05 00:00:00+00:00,31.822975158691406,42.33000183105469,42.349998474121094,41.97999954223633,42.0,0.10221837056318178
466,2015-11-06 00:00:00+00:00,31.544809341430664,41.959999084472656,42.220001220703125,41.61000061035156,41.970001220703125,0.1377098323191888
467,2015-11-09 00:00:00+00:00,31.229061126708984,41.540000915527344,41.790000915527344,41.34000015258789,41.70000076293945,0.12099418036250145
468,2015-11-10 00:00:00+00:00,31.401979446411133,41.77000045776367,41.810001373291016,41.43000030517578,41.439998626708984,0.08152427007805779
469,2015-11-11 00:00:00+00:00,31.60495948791504,42.040000915527344,42.20000076293945,41.91999816894531,41.939998626708984,0.09413965279555403
470,2015-11-12 00:00:00+00:00,31.259138107299805,41.58000183105469,42.04999923706055,41.56999969482422,42.0099983215332,0.1191792059756914
471,2015-11-13 00:00:00+00:00,31.108776092529297,41.380001068115234,41.779998779296875,41.36000061035156,41.459999084472656,0.13297270290858515
472,2015-11-16 00:00:00+00:00,31.544809341430664,41.959999084472656,42.0,41.38999938964844,41.43000030517578,0.12719624237078525
473,2015-11-17 00:00:00+00:00,31.32680892944336,41.66999816894531,42.150001525878906,41.5099983215332,41.849998474121094,0.15024194518376424
474,2015-11-18 00:00:00+00:00,31.785383224487305,42.279998779296875,42.349998474121094,41.68000030517578,41.77000045776367,0.15374082104074982
475,2015-11-19 00:00:00+00:00,32.409366607666016,43.11000061035156,43.29999923706055,42.31999969482422,42.31999969482422,0.3252828861947836
476,2015-11-20 00:00:00+00:00,31.898151397705078,42.43000030517578,43.58000183105469,42.400001525878906,43.310001373291016,0.25882274932381794
477,2015-11-23 00:00:00+00:00,32.29659652709961,42.959999084472656,43.18000030517578,42.529998779296875,42.54999923706055,0.15947410461777597
478,2015-11-24 00:00:00+00:00,32.59730529785156,43.36000061035156,43.599998474121094,42.65999984741211,42.70000076293945,0.1969316601233011
479,2015-11-25 00:00:00+00:00,32.59730529785156,43.36000061035156,43.5,43.2400016784668,43.31999969482422,0.11331793355065739
480,2015-11-27 00:00:00+00:00,32.68821716308594,43.150001525878906,43.2400016784668,42.79999923706055,43.040000915527344,0.06538842302318912
481,2015-11-30 00:00:00+00:00,32.286720275878906,42.619998931884766,43.150001525878906,42.61000061035156,43.119998931884766,0.20149299762218312
482,2015-12-01 00:00:00+00:00,32.49126434326172,42.88999938964844,43.099998474121094,42.72999954223633,42.72999954223633,0.12577911283681886
483,2015-12-02 00:00:00+00:00,32.40035629272461,42.77000045776367,42.93000030517578,42.59000015258789,42.83000183105469,0.14806921883625757
484,2015-12-03 00:00:00+00:00,32.16551208496094,42.459999084472656,42.88999938964844,42.31999969482422,42.72999954223633,0.18516902238108604
485,2015-12-04 00:00:00+00:00,32.79426574707031,43.290000915527344,43.47999954223633,42.58000183105469,42.58000183105469,0.2080466434539102
486,2015-12-07 00:00:00+00:00,32.726097106933594,43.20000076293945,43.439998626708984,43.0,43.310001373291016,0.13931354800507023
487,2015-12-08 00:00:00+00:00,32.58214569091797,43.0099983215332,43.25,42.79999923706055,43.04999923706055,0.11935191381878632
488,2015-12-09 00:00:00+00:00,32.317020416259766,42.65999984741211,43.27000045776367,42.5,42.779998779296875,0.15342007790357354
489,2015-12-10 00:00:00+00:00,32.392765045166016,42.7599983215332,43.06999969482422,42.529998779296875,42.72999954223633,0.19255382470770743
490,2015-12-11 00:00:00+00:00,32.021575927734375,42.27000045776367,42.83000183105469,42.13999938964844,42.630001068115234,0.22077459467628077
491,2015-12-14 00:00:00+00:00,32.15792465209961,42.45000076293945,42.7599983215332,41.970001220703125,42.310001373291016,0.26363543841577564
492,2015-12-15 00:00:00+00:00,32.62761306762695,43.06999969482422,43.2400016784668,42.7599983215332,42.84000015258789,0.23007306158576643
493,2015-12-16 00:00:00+00:00,33.21092224121094,43.84000015258789,43.90999984741211,43.25,43.25,0.2910173417178879
494,2015-12-17 00:00:00+00:00,32.94578552246094,43.4900016784668,43.88999938964844,43.41999816894531,43.810001373291016,0.1804288089018557
495,2015-12-18 00:00:00+00:00,32.19581985473633,42.5,43.41999816894531,42.5,43.36000061035156,0.332885115359587
496,2015-12-21 00:00:00+00:00,32.40791320800781,42.779998779296875,42.939998626708984,42.459999084472656,42.81999969482422,0.1148522576924382
497,2015-12-22 00:00:00+00:00,32.79426574707031,43.290000915527344,43.38999938964844,42.709999084472656,42.86000061035156,0.14317017582275243
498,2015-12-23 00:00:00+00:00,33.08213806152344,43.66999816894531,43.72999954223633,43.349998474121094,43.38999938964844,0.0940024117416661
499,2015-12-24 00:00:00+00:00,32.98366165161133,43.540000915527344,43.720001220703125,43.41999816894531,43.4900016784668,0.0006214398282790648
500,2015-12-28 00:00:00+00:00,32.94578552246094,43.4900016784668,43.52000045776367,43.310001373291016,43.439998626708984,0.05134665856584641
501,2015-12-29 00:00:00+00:00,33.11244583129883,43.709999084472656,43.779998779296875,43.5,43.540000915527344,0.07314639765364059
502,2015-12-30 00:00:00+00:00,33.006378173828125,43.56999969482422,43.77000045776367,43.45000076293945,43.75,0.032632530139060666
503,2015-12-31 00:00:00+00:00,32.544281005859375,42.959999084472656,43.34000015258789,42.869998931884766,43.29999923706055,0.10380358183730307
504,2016-01-04 00:00:00+00:00,32.12006378173828,42.400001525878906,42.5,41.970001220703125,42.34000015258789,0.20181836686229945
505,2016-01-05 00:00:00+00:00,32.23368835449219,42.54999923706055,42.630001068115234,42.16999816894531,42.310001373291016,0.19715833916736317
506,2016-01-06 00:00:00+00:00,32.05944061279297,42.31999969482422,42.5099983215332,42.040000915527344,42.20000076293945,0.20430104210678898
507,2016-01-07 00:00:00+00:00,31.529159545898438,41.619998931884766,42.11000061035156,41.45000076293945,41.650001525878906,0.2708937939287025
508,2016-01-08 00:00:00+00:00,31.445831298828125,41.5099983215332,42.119998931884766,41.40999984741211,41.650001525878906,0.17964082936773512
509,2016-01-11 00:00:00+00:00,31.498865127563477,41.58000183105469,41.86000061035156,41.290000915527344,41.58000183105469,0.1976718365937079
510,2016-01-12 00:00:00+00:00,31.907949447631836,42.119998931884766,42.45000076293945,41.869998931884766,42.29999923706055,0.29018772725730696
511,2016-01-13 00:00:00+00:00,31.703401565551758,41.849998474121094,42.56999969482422,41.790000915527344,42.16999816894531,0.21369511514370218
512,2016-01-14 00:00:00+00:00,31.726139068603516,41.880001068115234,42.16999816894531,41.63999938964844,41.9900016784668,0.20095328561251147
513,2016-01-15 00:00:00+00:00,31.438268661499023,41.5,41.59000015258789,40.93000030517578,40.95000076293945,0.279991796377453
514,2016-01-19 00:00:00+00:00,31.756433486938477,41.91999816894531,42.119998931884766,41.650001525878906,41.77000045776367,0.1922284554675911
515,2016-01-20 00:00:00+00:00,31.347360610961914,41.380001068115234,41.619998931884766,40.75,41.45000076293945,0.2610232322889649
516,2016-01-21 00:00:00+00:00,31.35492706298828,41.38999938964844,41.5099983215332,41.09000015258789,41.45000076293945,0.1938738060799329
517,2016-01-22 00:00:00+00:00,31.86250114440918,42.060001373291016,42.2400016784668,41.45000076293945,41.63999938964844,0.1883271086548218
518,2016-01-25 00:00:00+00:00,31.9382381439209,42.15999984741211,42.5,41.93000030517578,42.2400016784668,0.14663050082190432
519,2016-01-26 00:00:00+00:00,31.877643585205078,42.08000183105469,42.5,41.93000030517578,42.15999984741211,0.15454576295231723
520,2016-01-27 00:00:00+00:00,31.885215759277344,42.09000015258789,42.459999084472656,41.810001373291016,42.18000030517578,0.17225602704111373
521,2016-01-28 00:00:00+00:00,32.24883270263672,42.56999969482422,42.720001220703125,42.060001373291016,42.18000030517578,0.21012530570830265
522,2016-01-29 00:00:00+00:00,32.513973236083984,42.91999816894531,43.2599983215332,42.650001525878906,42.86000061035156,0.269249985350674
523,2016-02-01 00:00:00+00:00,32.574588775634766,43.0,43.150001525878906,42.56999969482422,42.599998474121094,0.2174499686967035
524,2016-02-02 00:00:00+00:00,32.150360107421875,42.439998626708984,42.790000915527344,42.40999984741211,42.70000076293945,0.1439735757000065
525,2016-02-03 00:00:00+00:00,32.362457275390625,42.720001220703125,42.939998626708984,42.279998779296875,42.79999923706055,0.19987848769610825
526,2016-02-04 00:00:00+00:00,32.218528747558594,42.529998779296875,42.88999938964844,42.400001525878906,42.52000045776367,0.17606022569214214
527,2016-02-05 00:00:00+00:00,32.150360107421875,42.439998626708984,42.9900016784668,42.2599983215332,42.93000030517578,0.22081006146548773
528,2016-02-08 00:00:00+00:00,32.3094482421875,42.650001525878906,42.70000076293945,41.900001525878906,42.16999816894531,0.2198647944314057
529,2016-02-09 00:00:00+00:00,32.801849365234375,43.29999923706055,43.4900016784668,42.2599983215332,42.2599983215332,0.3370501500399387
530,2016-02-10 00:00:00+00:00,32.23368835449219,42.54999923706055,43.38999938964844,42.5099983215332,43.34000015258789,0.21177219835495784
531,2016-02-11 00:00:00+00:00,32.12763214111328,42.40999984741211,42.61000061035156,41.97999954223633,42.029998779296875,0.2132479251928314
532,2016-02-12 00:00:00+00:00,32.65790557861328,43.11000061035156,43.13999938964844,42.560001373291016,42.720001220703125,0.1885306571841837
533,2016-02-16 00:00:00+00:00,32.84730529785156,43.36000061035156,43.459999084472656,43.02000045776367,43.31999969482422,0.14926275339478856
534,2016-02-17 00:00:00+00:00,32.94578552246094,43.4900016784668,43.619998931884766,43.279998779296875,43.41999816894531,0.1439674075627531
535,2016-02-18 00:00:00+00:00,33.03668212890625,43.61000061035156,43.72999954223633,43.29999923706055,43.630001068115234,0.126045884773028
536,2016-02-19 00:00:00+00:00,33.15789794921875,43.77000045776367,43.77000045776367,43.279998779296875,43.58000183105469,0.15194743513432662
537,2016-02-22 00:00:00+00:00,33.28668212890625,43.939998626708984,44.15999984741211,43.630001068115234,43.77000045776367,0.2732453962565575
538,2016-02-23 00:00:00+00:00,33.097286224365234,43.689998626708984,44.04999923706055,43.65999984741211,43.7400016784668,0.12598574543480742
539,2016-02-24 00:00:00+00:00,33.26395797729492,43.90999984741211,43.939998626708984,43.369998931884766,43.560001373291016,0.12101731087720166
540,2016-02-25 00:00:00+00:00,33.453338623046875,44.15999984741211,44.18000030517578,43.869998931884766,43.959999084472656,0.12192865315639007
541,2016-02-26 00:00:00+00:00,32.68064498901367,43.13999938964844,44.060001373291016,43.11000061035156,44.040000915527344,0.2378541667309181
542,2016-02-29 00:00:00+00:00,32.673072814941406,43.130001068115234,43.61000061035156,42.91999816894531,43.16999816894531,0.18586910595934583
543,2016-03-01 00:00:00+00:00,33.097286224365234,43.689998626708984,43.689998626708984,43.16999816894531,43.380001068115234,0.14436525241559678
544,2016-03-02 00:00:00+00:00,33.15789794921875,43.77000045776367,43.77000045776367,43.41999816894531,43.470001220703125,0.15204458329606751
545,2016-03-03 00:00:00+00:00,33.30182647705078,43.959999084472656,43.97999954223633,43.540000915527344,43.61000061035156,0.15633914885874042
546,2016-03-04 00:00:00+00:00,33.415462493896484,44.11000061035156,44.150001525878906,43.68000030517578,43.779998779296875,0.1649236538811462
547,2016-03-07 00:00:00+00:00,33.33970642089844,44.0099983215332,44.13999938964844,43.86000061035156,43.90999984741211,0.11872122178462718
548,2016-03-08 00:00:00+00:00,33.57454299926758,44.31999969482422,44.470001220703125,43.810001373291016,43.91999816894531,0.24524359516047953
549,2016-03-09 00:00:00+00:00,33.94573974609375,44.810001373291016,44.83000183105469,44.290000915527344,44.38999938964844,0.2385573343778046
550,2016-03-10 00:00:00+00:00,34.26392364501953,45.22999954223633,45.2599983215332,44.68000030517578,44.84000015258789,0.39957655737755476
551,2016-03-11 00:00:00+00:00,34.50822448730469,45.20000076293945,45.25,44.93000030517578,45.0,0.20251536637193254
552,2016-03-14 00:00:00+00:00,34.57693862915039,45.290000915527344,45.41999816894531,45.040000915527344,45.040000915527344,0.1574478715300373
553,2016-03-15 00:00:00+00:00,34.538753509521484,45.2400016784668,45.560001373291016,45.06999969482422,45.08000183105469,0.1648434680968521
554,2016-03-16 00:00:00+00:00,34.39369583129883,45.04999923706055,45.16999816894531,44.54999923706055,45.04999923706055,0.1910549673551336
555,2016-03-17 00:00:00+00:00,34.94339370727539,45.77000045776367,45.90999984741211,44.970001220703125,45.04999923706055,0.3251178885232554
556,2016-03-18 00:00:00+00:00,34.813602447509766,45.599998474121094,45.869998931884766,45.38999938964844,45.84000015258789,0.3216236387692099
557,2016-03-21 00:00:00+00:00,34.86705017089844,45.66999816894531,45.869998931884766,45.36000061035156,45.41999816894531,0.1039963361264715
558,2016-03-22 00:00:00+00:00,34.73726272583008,45.5,45.72999954223633,45.38999938964844,45.54999923706055,0.1664163430964666
559,2016-03-23 00:00:00+00:00,34.706722259521484,45.459999084472656,45.709999084472656,45.349998474121094,45.400001525878906,0.09708339629973448
560,2016-03-24 00:00:00+00:00,34.79834747314453,45.58000183105469,45.599998474121094,45.189998626708984,45.45000076293945,0.12172664666134153
561,2016-03-28 00:00:00+00:00,34.96628952026367,45.79999923706055,45.93000030517578,45.5099983215332,45.560001373291016,0.1589883638090715
562,2016-03-29 00:00:00+00:00,35.48545455932617,46.47999954223633,46.5099983215332,45.810001373291016,45.86000061035156,0.33946497577464096
563,2016-03-30 00:00:00+00:00,35.56180191040039,46.58000183105469,46.72999954223633,46.33000183105469,46.630001068115234,0.17449506086409436
564,2016-03-31 00:00:00+00:00,35.41674041748047,46.38999938964844,46.880001068115234,46.31999969482422,46.54999923706055,0.19349754970747612
565,2016-04-01 00:00:00+00:00,35.752662658691406,46.83000183105469,46.869998931884766,46.11000061035156,46.13999938964844,0.1839122644157078
566,2016-04-04 00:00:00+00:00,35.798465728759766,46.88999938964844,46.93000030517578,46.5,46.84000015258789,0.11771118930938454
567,2016-04-05 00:00:00+00:00,35.523624420166016,46.529998779296875,46.810001373291016,46.439998626708984,46.619998931884766,0.11874281026501404
568,2016-04-06 00:00:00+00:00,35.661048889160156,46.709999084472656,46.72999954223633,46.380001068115234,46.56999969482422,0.09447119017292374
569,2016-04-07 00:00:00+00:00,35.393829345703125,46.36000061035156,46.58000183105469,46.15999984741211,46.5,0.09708185426542112
570,2016-04-08 00:00:00+00:00,35.78319549560547,46.869998931884766,46.97999954223633,46.439998626708984,46.439998626708984,0.13821253550534007
571,2016-04-11 00:00:00+00:00,35.454898834228516,46.439998626708984,47.130001068115234,46.40999984741211,46.900001525878906,0.13699124432916884
572,2016-04-12 00:00:00+00:00,35.61524200439453,46.650001525878906,46.7599983215332,46.349998474121094,46.40999984741211,0.12679839751794159
573,2016-04-13 00:00:00+00:00,35.14952850341797,46.040000915527344,46.779998779296875,45.81999969482422,46.77000045776367,0.15787038893189453
574,2016-04-14 00:00:00+00:00,34.98920440673828,45.83000183105469,46.220001220703125,45.75,46.060001373291016,0.15398600449657207
575,2016-04-15 00:00:00+00:00,35.19533920288086,46.099998474121094,46.15999984741211,45.68000030517578,45.81999969482422,0.1642497848862133
576,2016-04-18 00:00:00+00:00,35.286949157714844,46.220001220703125,46.279998779296875,45.81999969482422,46.099998474121094,0.13171748697752025
577,2016-04-19 00:00:00+00:00,35.577056884765625,46.599998474121094,46.619998931884766,46.150001525878906,46.310001373291016,0.17613115927055611
578,2016-04-20 00:00:00+00:00,33.87455368041992,44.369998931884766,45.380001068115234,44.060001373291016,45.34000015258789,0.5761657008391752
579,2016-04-21 00:00:00+00:00,33.332496643066406,43.65999984741211,44.279998779296875,42.869998931884766,44.2599983215332,0.5275391908020738
580,2016-04-22 00:00:00+00:00,34.00434112548828,44.540000915527344,44.65999984741211,43.790000915527344,43.790000915527344,0.3413740142545652
581,2016-04-25 00:00:00+00:00,34.13412857055664,44.709999084472656,44.720001220703125,44.380001068115234,44.5,0.12609985597399515
582,2016-04-26 00:00:00+00:00,33.996707916259766,44.529998779296875,44.959999084472656,44.43000030517578,44.91999816894531,0.16868621760571417
583,2016-04-27 00:00:00+00:00,34.111228942871094,44.68000030517578,44.86000061035156,44.25,44.63999938964844,0.12859332545867813
584,2016-04-28 00:00:00+00:00,34.07304763793945,44.630001068115234,44.900001525878906,44.459999084472656,44.5,0.12237892717588753
585,2016-04-29 00:00:00+00:00,34.202842712402344,44.79999923706055,44.86000061035156,44.5,44.529998779296875,0.13446076602096552
586,2016-05-02 00:00:00+00:00,34.340267181396484,44.97999954223633,45.189998626708984,44.56999969482422,44.56999969482422,0.14774539163045458
587,2016-05-03 00:00:00+00:00,34.23337936401367,44.84000015258789,45.06999969482422,44.650001525878906,44.869998931884766,0.11448371149154812
588,2016-05-04 00:00:00+00:00,34.340267181396484,44.97999954223633,45.11000061035156,44.5099983215332,44.720001220703125,0.09798394433872945
589,2016-05-05 00:00:00+00:00,34.40134048461914,45.060001373291016,45.4900016784668,44.869998931884766,44.93000030517578,0.08951200782119806
590,2016-05-06 00:00:00+00:00,34.59983825683594,45.31999969482422,45.40999984741211,44.91999816894531,45.060001373291016,0.08585584446425104
591,2016-05-09 00:00:00+00:00,34.538753509521484,45.2400016784668,45.5,45.16999816894531,45.31999969482422,0.07886426088753329
592,2016-05-10 00:00:00+00:00,34.92811965942383,45.75,45.84000015258789,45.41999816894531,45.439998626708984,0.0915536612520702
593,2016-05-11 00:00:00+00:00,34.706722259521484,45.459999084472656,45.880001068115234,45.45000076293945,45.72999954223633,0.09000545880146926
594,2016-05-12 00:00:00+00:00,34.98920440673828,45.83000183105469,45.900001525878906,45.4900016784668,45.54999923706055,0.11514524421197422
595,2016-05-13 00:00:00+00:00,34.62273406982422,45.349998474121094,45.83000183105469,45.22999954223633,45.75,0.11326087828106354
596,2016-05-16 00:00:00+00:00,34.82887268066406,45.619998931884766,45.72999954223633,45.13999938964844,45.15999984741211,0.09895696799045176
597,2016-05-17 00:00:00+00:00,34.16466522216797,44.75,45.560001373291016,44.709999084472656,45.45000076293945,0.22298895595024784
598,2016-05-18 00:00:00+00:00,33.958534240722656,44.47999954223633,44.83000183105469,44.22999954223633,44.560001373291016,0.1469250293757537
599,2016-05-19 00:00:00+00:00,33.836387634277344,44.31999969482422,44.38999938964844,44.040000915527344,44.25,0.11816917350044875
600,2016-05-20 00:00:00+00:00,33.553897857666016,43.95000076293945,44.540000915527344,43.939998626708984,44.5099983215332,0.1529358791291824
601,2016-05-23 00:00:00+00:00,33.56917953491211,43.970001220703125,44.15999984741211,43.939998626708984,44.06999969482422,0.16281415094048676
602,2016-05-24 00:00:00+00:00,33.87455368041992,44.369998931884766,44.41999816894531,44.0,44.099998474121094,0.14861972508612264
603,2016-05-25 00:00:00+00:00,33.88218688964844,44.380001068115234,44.630001068115234,44.25,44.5099983215332,0.0959422909078573
604,2016-05-26 00:00:00+00:00,34.11885452270508,44.689998626708984,44.77000045776367,44.439998626708984,44.529998779296875,0.08788824568924308
605,2016-05-27 00:00:00+00:00,34.18756103515625,44.779998779296875,44.959999084472656,44.650001525878906,44.709999084472656,0.07552267253050915
606,2016-05-31 00:00:00+00:00,34.0501594543457,44.599998474121094,44.97999954223633,44.2599983215332,44.97999954223633,0.2457833071701512
607,2016-06-01 00:00:00+00:00,34.12649917602539,44.70000076293945,44.779998779296875,44.4900016784668,44.599998474121094,0.09128380524723437
608,2016-06-02 00:00:00+00:00,34.14176940917969,44.720001220703125,44.720001220703125,44.5,44.70000076293945,0.057018260770338676
609,2016-06-03 00:00:00+00:00,34.386070251464844,45.040000915527344,45.04999923706055,44.68000030517578,44.75,0.1609667938330964
610,2016-06-06 00:00:00+00:00,34.63800811767578,45.369998931884766,45.47999954223633,45.08000183105469,45.09000015258789,0.11278901578117917
611,2016-06-07 00:00:00+00:00,34.59983825683594,45.31999969482422,45.47999954223633,45.20000076293945,45.349998474121094,0.10510968490070843
612,2016-06-08 00:00:00+00:00,34.77542495727539,45.54999923706055,45.65999984741211,45.189998626708984,45.2400016784668,0.07585420990787889
613,2016-06-09 00:00:00+00:00,34.93574905395508,45.7599983215332,45.79999923706055,45.310001373291016,45.33000183105469,0.077820303657397
614,2016-06-10 00:00:00+00:00,35.111351013183594,45.9900016784668,46.0099983215332,45.560001373291016,45.619998931884766,0.14434520596952324
615,2016-06-13 00:00:00+00:00,34.71131134033203,45.119998931884766,45.66999816894531,45.09000015258789,45.47999954223633,0.11745983771630888
616,2016-06-14 00:00:00+00:00,34.64976501464844,45.040000915527344,45.130001068115234,44.439998626708984,44.849998474121094,0.1280181466597995
617,2016-06-15 00:00:00+00:00,34.62668991088867,45.0099983215332,45.34000015258789,44.880001068115234,45.119998931884766,0.08271626260227544
618,2016-06-16 00:00:00+00:00,34.857486724853516,45.310001373291016,45.34000015258789,44.720001220703125,44.869998931884766,0.1281291731303605
619,2016-06-17 00:00:00+00:00,34.457435607910156,44.790000915527344,45.220001220703125,44.380001068115234,45.16999816894531,0.27462243289837684
620,2016-06-20 00:00:00+00:00,34.603607177734375,44.97999954223633,45.310001373291016,44.959999084472656,45.09000015258789,0.11898490965220959
621,2016-06-21 00:00:00+00:00,34.71900177001953,45.130001068115234,45.279998779296875,45.0,45.15999984741211,0.07591589128041279
622,2016-06-22 00:00:00+00:00,34.511295318603516,44.86000061035156,45.33000183105469,44.810001373291016,45.25,0.11939354874524669
623,2016-06-23 00:00:00+00:00,34.68053436279297,45.08000183105469,45.16999816894531,44.84000015258789,45.029998779296875,0.10268406492581275
624,2016-06-24 00:00:00+00:00,33.795833587646484,43.93000030517578,44.560001373291016,43.81999969482422,44.20000076293945,0.35478200260912207
625,2016-06-27 00:00:00+00:00,33.68043899536133,43.779998779296875,43.88999938964844,43.31999969482422,43.66999816894531,0.19712133034384283
626,2016-06-28 00:00:00+00:00,33.988162994384766,44.18000030517578,44.189998626708984,43.66999816894531,44.060001373291016,0.20838280693421993
627,2016-06-29 00:00:00+00:00,34.18817901611328,44.439998626708984,44.709999084472656,44.2400016784668,44.38999938964844,0.14270910756306152
628,2016-06-30 00:00:00+00:00,34.872859954833984,45.33000183105469,45.33000183105469,44.4900016784668,44.52000045776367,0.20139276539181553
629,2016-07-01 00:00:00+00:00,34.71131134033203,45.119998931884766,45.40999984741211,45.06999969482422,45.33000183105469,0.1357514487412374
630,2016-07-05 00:00:00+00:00,34.949790954589844,45.43000030517578,45.66999816894531,45.150001525878906,45.15999984741211,0.14406918182743406
631,2016-07-06 00:00:00+00:00,34.82671356201172,45.27000045776367,45.54999923706055,44.91999816894531,45.5,0.12191785891619664
632,2016-07-07 00:00:00+00:00,34.68822479248047,45.09000015258789,45.52000045776367,44.970001220703125,45.41999816894531,0.10400713036666492
633,2016-07-08 00:00:00+00:00,34.91132354736328,45.380001068115234,45.52000045776367,45.06999969482422,45.29999923706055,0.12537972594966185
634,2016-07-11 00:00:00+00:00,35.05751419067383,45.56999969482422,45.77000045776367,45.11000061035156,45.349998474121094,0.12246065499449496
635,2016-07-12 00:00:00+00:00,35.06519317626953,45.58000183105469,45.709999084472656,45.18000030517578,45.63999938964844,0.10397474764608464
636,2016-07-13 00:00:00+00:00,35.18828582763672,45.7400016784668,45.7599983215332,45.43000030517578,45.61000061035156,0.07759670868196161
637,2016-07-14 00:00:00+00:00,35.149818420410156,45.689998626708984,45.939998626708984,45.58000183105469,45.72999954223633,0.0713175449580104
638,2016-07-15 00:00:00+00:00,35.10365676879883,45.630001068115234,45.900001525878906,45.439998626708984,45.880001068115234,0.11757549028980996
639,2016-07-18 00:00:00+00:00,35.10365676879883,45.630001068115234,45.70000076293945,45.47999954223633,45.689998626708984,0.07651574262830496
640,2016-07-19 00:00:00+00:00,35.10365676879883,45.630001068115234,45.709999084472656,45.43000030517578,45.459999084472656,0.07347485096238363
641,2016-07-20 00:00:00+00:00,35.011348724365234,45.5099983215332,45.77000045776367,45.38999938964844,45.75,0.08453277902339884
642,2016-07-21 00:00:00+00:00,34.965187072753906,45.45000076293945,45.5099983215332,45.2599983215332,45.34000015258789,0.07785422841229064
643,2016-07-22 00:00:00+00:00,35.25751876831055,45.83000183105469,45.84000015258789,45.459999084472656,45.5,0.09005171983086968
644,2016-07-25 00:00:00+00:00,35.05751419067383,45.56999969482422,45.83000183105469,45.470001220703125,45.810001373291016,0.09465006615327207
645,2016-07-26 00:00:00+00:00,34.526676177978516,44.880001068115234,45.650001525878906,44.83000183105469,45.529998779296875,0.19774431220643524
646,2016-07-27 00:00:00+00:00,33.388092041015625,43.400001525878906,44.060001373291016,43.099998474121094,43.900001525878906,0.5314590420266032
647,2016-07-28 00:00:00+00:00,33.58042526245117,43.650001525878906,43.689998626708984,43.220001220703125,43.27000045776367,0.15546018930013233
648,2016-07-29 00:00:00+00:00,33.56504440307617,43.630001068115234,43.75,43.47999954223633,43.720001220703125,0.20870200803708286
649,2016-08-01 00:00:00+00:00,33.42656707763672,43.45000076293945,43.83000183105469,43.43000030517578,43.689998626708984,0.14423263746464887
650,2016-08-02 00:00:00+00:00,33.48811340332031,43.529998779296875,43.58000183105469,43.310001373291016,43.349998474121094,0.15156501062461644
651,2016-08-03 00:00:00+00:00,33.57273483276367,43.63999938964844,43.70000076293945,43.369998931884766,43.65999984741211,0.14067670633806945
652,2016-08-04 00:00:00+00:00,33.472713470458984,43.5099983215332,43.79999923706055,43.400001525878906,43.560001373291016,0.12718390609627847
653,2016-08-05 00:00:00+00:00,33.44964599609375,43.47999954223633,43.75,43.40999984741211,43.650001525878906,0.11413983783967163
654,2016-08-08 00:00:00+00:00,33.41886520385742,43.439998626708984,43.52000045776367,43.220001220703125,43.43000030517578,0.08764923037067424
655,2016-08-09 00:00:00+00:00,33.44194793701172,43.470001220703125,43.63999938964844,43.380001068115234,43.5,0.06607617032694213
656,2016-08-10 00:00:00+00:00,33.549652099609375,43.61000061035156,43.689998626708984,43.5,43.63999938964844,0.08351349434227612
657,2016-08-11 00:00:00+00:00,33.657352447509766,43.75,43.869998931884766,43.619998931884766,43.720001220703125,0.12809679040978023
658,2016-08-12 00:00:00+00:00,33.872772216796875,44.029998779296875,44.189998626708984,43.790000915527344,43.90999984741211,0.12232341394060703
659,2016-08-15 00:00:00+00:00,34.034324645996094,44.2400016784668,44.33000183105469,44.0099983215332,44.099998474121094,0.11402264323185721
660,2016-08-16 00:00:00+00:00,33.718902587890625,43.83000183105469,44.25,43.83000183105469,44.25,0.1034674183569933
661,2016-08-17 00:00:00+00:00,33.895835876464844,44.060001373291016,44.06999969482422,43.779998779296875,44.0099983215332,0.12663494188072674
662,2016-08-18 00:00:00+00:00,33.926605224609375,44.099998474121094,44.2599983215332,44.0,44.0099983215332,0.0948042695846068
663,2016-08-19 00:00:00+00:00,33.78813552856445,43.91999816894531,44.060001373291016,43.7400016784668,44.04999923706055,0.09852982448565448
664,2016-08-22 00:00:00+00:00,33.6496696472168,43.7400016784668,43.95000076293945,43.72999954223633,43.939998626708984,0.08776025684123526
665,2016-08-23 00:00:00+00:00,33.734283447265625,43.849998474121094,43.97999954223633,43.7400016784668,43.849998474121094,0.0836522774304774
666,2016-08-24 00:00:00+00:00,33.734283447265625,43.849998474121094,43.939998626708984,43.65999984741211,43.81999969482422,0.13126721295802277
667,2016-08-25 00:00:00+00:00,33.59580993652344,43.66999816894531,43.939998626708984,43.630001068115234,43.849998474121094,0.1051574879644222
668,2016-08-26 00:00:00+00:00,33.32655715942383,43.31999969482422,43.91999816894531,43.310001373291016,43.720001220703125,0.136140041388201
669,2016-08-29 00:00:00+00:00,33.49580383300781,43.540000915527344,43.61000061035156,43.33000183105469,43.34000015258789,0.10097703294093702
670,2016-08-30 00:00:00+00:00,33.26500701904297,43.2400016784668,43.529998779296875,43.119998931884766,43.459999084472656,0.10368330316086197
671,2016-08-31 00:00:00+00:00,33.41116714477539,43.43000030517578,43.459999084472656,43.08000183105469,43.43000030517578,0.111359549972706
672,2016-09-01 00:00:00+00:00,33.34963607788086,43.349998474121094,43.40999984741211,43.20000076293945,43.209999084472656,0.08421820402347593
673,2016-09-02 00:00:00+00:00,33.58811569213867,43.65999984741211,43.83000183105469,43.470001220703125,43.52000045776367,0.09298004299191667
674,2016-09-06 00:00:00+00:00,33.68812942504883,43.790000915527344,43.79999923706055,43.400001525878906,43.7400016784668,0.08641714495430955
675,2016-09-07 00:00:00+00:00,33.57273483276367,43.63999938964844,43.79999923706055,43.529998779296875,43.720001220703125,0.08728376823841086
676,2016-09-08 00:00:00+00:00,33.56504440307617,43.630001068115234,43.72999954223633,43.45000076293945,43.66999816894531,0.10831403220384461
677,2016-09-09 00:00:00+00:00,32.51877212524414,42.27000045776367,43.43000030517578,42.27000045776367,43.43000030517578,0.31808929612301734
678,2016-09-12 00:00:00+00:00,33.22653579711914,43.189998626708984,43.22999954223633,42.34000015258789,42.36000061035156,0.19947755877463788
679,2016-09-13 00:00:00+00:00,32.79220199584961,42.279998779296875,42.77000045776367,42.209999084472656,42.77000045776367,0.15368530780546932
680,2016-09-14 00:00:00+00:00,32.660362243652344,42.11000061035156,42.40999984741211,41.9900016784668,42.27000045776367,0.1052839347781167
681,2016-09-15 00:00:00+00:00,32.854251861572266,42.36000061035156,42.38999938964844,41.880001068115234,42.0099983215332,0.11044358159057757
682,2016-09-16 00:00:00+00:00,32.68362808227539,42.13999938964844,42.2599983215332,41.970001220703125,42.16999816894531,0.20598031747402448
683,2016-09-19 00:00:00+00:00,32.65259552001953,42.099998474121094,42.369998931884766,42.08000183105469,42.15999984741211,0.0719143122372759
684,2016-09-20 00:00:00+00:00,32.838741302490234,42.34000015258789,42.529998779296875,42.2400016784668,42.310001373291016,0.08343793466092209
685,2016-09-21 00:00:00+00:00,32.9860954284668,42.529998779296875,42.61000061035156,42.099998474121094,42.279998779296875,0.1643561852538343
686,2016-09-22 00:00:00+00:00,33.319618225097656,42.959999084472656,43.0099983215332,42.689998626708984,42.709999084472656,0.09702479899582728
687,2016-09-23 00:00:00+00:00,33.148983001708984,42.7400016784668,42.939998626708984,42.650001525878906,42.810001373291016,0.09030769752688539
688,2016-09-26 00:00:00+00:00,32.61381912231445,42.04999923706055,42.720001220703125,42.0099983215332,42.709999084472656,0.18565630522410387
689,2016-09-27 00:00:00+00:00,33.03264236450195,42.59000015258789,42.630001068115234,42.0,42.189998626708984,0.1376126841574479
690,2016-09-28 00:00:00+00:00,32.691383361816406,42.150001525878906,42.7599983215332,42.029998779296875,42.630001068115234,0.19317834860461316
691,2016-09-29 00:00:00+00:00,32.59830856323242,42.029998779296875,42.38999938964844,41.849998474121094,42.02000045776367,0.14919798795362796
692,2016-09-30 00:00:00+00:00,32.82322692871094,42.31999969482422,42.5,42.060001373291016,42.209999084472656,0.17547425265307007
693,2016-10-03 00:00:00+00:00,32.59830856323242,42.029998779296875,42.310001373291016,41.88999938964844,42.310001373291016,0.12577602876819216
694,2016-10-04 00:00:00+00:00,32.45094680786133,41.84000015258789,42.34000015258789,41.779998779296875,42.34000015258789,0.1647879548615716
695,2016-10-05 00:00:00+00:00,32.42768859863281,41.810001373291016,42.06999969482422,41.66999816894531,41.93000030517578,0.10194388845540592
696,2016-10-06 00:00:00+00:00,32.350128173828125,41.709999084472656,41.939998626708984,41.58000183105469,41.68000030517578,0.10372648012163568
697,2016-10-07 00:00:00+00:00,32.36564636230469,41.72999954223633,41.939998626708984,41.56999969482422,41.83000183105469,0.07905238907376169
698,2016-10-10 00:00:00+00:00,32.36564636230469,41.72999954223633,41.9900016784668,41.599998474121094,41.91999816894531,0.09232622044305733
699,2016-10-11 00:00:00+00:00,32.218265533447266,41.540000915527344,41.70000076293945,41.400001525878906,41.65999984741211,0.14268135094542125
700,2016-10-12 00:00:00+00:00,32.40440368652344,41.779998779296875,41.84000015258789,41.5,41.630001068115234,0.14217556369064327
701,2016-10-13 00:00:00+00:00,32.388893127441406,41.7599983215332,41.88999938964844,41.5099983215332,41.650001525878906,0.22605143609655606
702,2016-10-14 00:00:00+00:00,32.31908416748047,41.66999816894531,41.90999984741211,41.619998931884766,41.849998474121094,0.10636181676314663
703,2016-10-17 00:00:00+00:00,32.26479721069336,41.599998474121094,41.86000061035156,41.56999969482422,41.72999954223633,0.12022007913720098
704,2016-10-18 00:00:00+00:00,32.55177307128906,41.970001220703125,42.0,41.72999954223633,41.810001373291016,0.12800426835097936
705,2016-10-19 00:00:00+00:00,32.61381912231445,42.04999923706055,42.119998931884766,41.810001373291016,41.93000030517578,0.20618695007201301
706,2016-10-20 00:00:00+00:00,32.5207405090332,41.93000030517578,42.11000061035156,41.88999938964844,41.970001220703125,0.1175677801182432
707,2016-10-21 00:00:00+00:00,32.67585754394531,42.130001068115234,42.16999816894531,41.68000030517578,41.849998474121094,0.17587209750591373
708,2016-10-24 00:00:00+00:00,33.00938034057617,42.560001373291016,42.77000045776367,42.25,42.31999969482422,0.16103310130857035
709,2016-10-25 00:00:00+00:00,32.99386215209961,42.540000915527344,42.880001068115234,42.43000030517578,42.63999938964844,0.20799575632156972
710,2016-10-26 00:00:00+00:00,32.91630172729492,42.439998626708984,43.029998779296875,42.40999984741211,43.0,0.2141870240896601
711,2016-10-27 00:00:00+00:00,32.66810989379883,42.119998931884766,42.650001525878906,41.900001525878906,42.630001068115234,0.17796155400049965
712,2016-10-28 00:00:00+00:00,32.7534294128418,42.22999954223633,42.470001220703125,42.099998474121094,42.2599983215332,0.16040395130872453
713,2016-10-31 00:00:00+00:00,32.885276794433594,42.400001525878906,42.40999984741211,42.119998931884766,42.119998931884766,0.15931064898056113
714,2016-11-01 00:00:00+00:00,32.66810989379883,42.119998931884766,42.43000030517578,41.90999984741211,42.400001525878906,0.14228504812689094
715,2016-11-02 00:00:00+00:00,32.61381912231445,42.04999923706055,42.34000015258789,42.0099983215332,42.099998474121094,0.13936906124035076
716,2016-11-03 00:00:00+00:00,32.59830856323242,42.029998779296875,42.220001220703125,41.959999084472656,42.220001220703125,0.12739824886583379
717,2016-11-04 00:00:00+00:00,32.33460235595703,41.689998626708984,42.040000915527344,41.689998626708984,41.849998474121094,0.17683895302038263
718,2016-11-07 00:00:00+00:00,32.93181610107422,42.459999084472656,42.5,42.040000915527344,42.040000915527344,0.17027451294846216
719,2016-11-08 00:00:00+00:00,33.257564544677734,42.880001068115234,42.97999954223633,42.369998931884766,42.369998931884766,0.13940452802955774
720,2016-11-09 00:00:00+00:00,32.78445053100586,42.27000045776367,42.31999969482422,41.70000076293945,41.7599983215332,0.28303577211200104
721,2016-11-10 00:00:00+00:00,31.75291633605957,40.939998626708984,42.2599983215332,40.849998474121094,41.86000061035156,0.4664530435131243
722,2016-11-11 00:00:00+00:00,31.82271385192871,41.029998779296875,41.130001068115234,40.630001068115234,40.95000076293945,0.16075245106354108
723,2016-11-14 00:00:00+00:00,31.93129539489746,41.16999816894531,41.41999816894531,40.849998474121094,41.130001068115234,0.25471168584443343
724,2016-11-15 00:00:00+00:00,32.140708923339844,41.439998626708984,41.52000045776367,41.16999816894531,41.18000030517578,0.20906438610071956
725,2016-11-16 00:00:00+00:00,32.001102447509766,41.2599983215332,41.650001525878906,41.15999984741211,41.400001525878906,0.14934756528202267
726,2016-11-17 00:00:00+00:00,31.89251136779785,41.119998931884766,41.29999923706055,41.0,41.279998779296875,0.14498977631250254
727,2016-11-18 00:00:00+00:00,31.72964096069336,40.90999984741211,41.20000076293945,40.900001525878906,41.029998779296875,0.20584616048876322
728,2016-11-21 00:00:00+00:00,32.078651428222656,41.36000061035156,41.36000061035156,40.72999954223633,40.90999984741211,0.14357418881284947
729,2016-11-22 00:00:00+00:00,32.08640670776367,41.369998931884766,41.70000076293945,41.2400016784668,41.45000076293945,0.1503051685906115
730,2016-11-23 00:00:00+00:00,31.89251136779785,41.119998931884766,41.310001373291016,41.029998779296875,41.220001220703125,0.09691685659389296
731,2016-11-25 00:00:00+00:00,32.210514068603516,41.529998779296875,41.58000183105469,41.2400016784668,41.38999938964844,0.06794203184609265
732,2016-11-28 00:00:00+00:00,32.381141662597656,41.75,41.790000915527344,41.27000045776367,41.5099983215332,0.2533269390310473
733,2016-11-29 00:00:00+00:00,32.18560791015625,41.150001525878906,41.52000045776367,41.13999938964844,41.52000045776367,0.1299256431054104
734,2016-11-30 00:00:00+00:00,31.559877395629883,40.349998474121094,41.20000076293945,40.349998474121094,41.0,0.29937208362760487
735,2016-12-01 00:00:00+00:00,31.419092178344727,40.16999816894531,40.38999938964844,39.880001068115234,40.310001373291016,0.2685236871890873
736,2016-12-02 00:00:00+00:00,31.56770133972168,40.36000061035156,40.4900016784668,40.189998626708984,40.29999923706055,0.12613840683182884
737,2016-12-05 00:00:00+00:00,31.77105712890625,40.619998931884766,40.689998626708984,40.310001373291016,40.34000015258789,0.20017918438721102
738,2016-12-06 00:00:00+00:00,31.731950759887695,40.56999969482422,40.77000045776367,40.41999816894531,40.75,0.12809987447840693
739,2016-12-07 00:00:00+00:00,32.295108795166016,41.290000915527344,41.290000915527344,40.5099983215332,40.540000915527344,0.16546336589081784
740,2016-12-08 00:00:00+00:00,32.05263137817383,40.97999954223633,41.209999084472656,40.849998474121094,41.06999969482422,0.1554493950599389
741,2016-12-09 00:00:00+00:00,32.85042953491211,42.0,42.220001220703125,41.290000915527344,41.5,0.38750551277267026
742,2016-12-12 00:00:00+00:00,32.77220916748047,41.900001525878906,42.0099983215332,41.720001220703125,42.0,0.2246065499449494
743,2016-12-13 00:00:00+00:00,32.66270446777344,41.7599983215332,41.959999084472656,41.540000915527344,41.720001220703125,0.24656666060133173
744,2016-12-14 00:00:00+00:00,32.2325325012207,41.209999084472656,41.9900016784668,41.060001373291016,41.88999938964844,0.23040459896313617
745,2016-12-15 00:00:00+00:00,32.49846649169922,41.54999923706055,41.810001373291016,41.099998474121094,41.099998474121094,0.1737718467711344
746,2016-12-16 00:00:00+00:00,32.64707565307617,41.7400016784668,41.7599983215332,41.47999954223633,41.61000061035156,0.25719436108892296
747,2016-12-19 00:00:00+00:00,32.592323303222656,41.66999816894531,41.79999923706055,41.58000183105469,41.689998626708984,0.08775717277260855
748,2016-12-20 00:00:00+00:00,32.58450698852539,41.65999984741211,41.720001220703125,41.439998626708984,41.70000076293945,0.11730563428497412
749,2016-12-21 00:00:00+00:00,32.51409912109375,41.56999969482422,41.83000183105469,41.52000045776367,41.599998474121094,0.10327466406782485
750,2016-12-22 00:00:00+00:00,32.49846649169922,41.54999923706055,41.619998931884766,41.08000183105469,41.56999969482422,0.13720712913303748
751,2016-12-23 00:00:00+00:00,32.537574768066406,41.599998474121094,41.689998626708984,41.349998474121094,41.619998931884766,0.05305060648209544
752,2016-12-27 00:00:00+00:00,32.54539489746094,41.61000061035156,41.7599983215332,41.540000915527344,41.560001373291016,0.06172609152898872
753,2016-12-28 00:00:00+00:00,32.373321533203125,41.38999938964844,41.66999816894531,41.38999938964844,41.4900016784668,0.0923940699528446
754,2016-12-29 00:00:00+00:00,32.537574768066406,41.599998474121094,41.689998626708984,41.380001068115234,41.380001068115234,0.05981551101475111
755,2016-12-30 00:00:00+00:00,32.428070068359375,41.459999084472656,41.84000015258789,41.349998474121094,41.689998626708984,0.13067044567875727
756,2017-01-03 00:00:00+00:00,32.69399642944336,41.79999923706055,41.810001373291016,41.279998779296875,41.5,0.18064469370572436
757,2017-01-04 00:00:00+00:00,32.57667922973633,41.650001525878906,41.970001220703125,41.59000015258789,41.880001068115234,0.10737339127270262
758,2017-01-05 00:00:00+00:00,32.65488815307617,41.75,41.86000061035156,41.529998779296875,41.65999984741211,0.09209028919311515
759,2017-01-06 00:00:00+00:00,32.64707565307617,41.7400016784668,41.810001373291016,41.540000915527344,41.70000076293945,0.11180211382063676
760,2017-01-09 00:00:00+00:00,32.31856155395508,41.31999969482422,41.58000183105469,41.209999084472656,41.22999954223633,0.18236406196510688
761,2017-01-10 00:00:00+00:00,32.09955978393555,41.040000915527344,41.439998626708984,40.86000061035156,41.439998626708984,0.25768164393194076
762,2017-01-11 00:00:00+00:00,32.107391357421875,41.04999923706055,41.119998931884766,40.83000183105469,40.849998474121094,0.09668400941257746
763,2017-01-12 00:00:00+00:00,32.0291633605957,40.95000076293945,41.040000915527344,40.79999923706055,41.0099983215332,0.0855042606408078
764,2017-01-13 00:00:00+00:00,31.974414825439453,40.880001068115234,41.040000915527344,40.689998626708984,41.0,0.07906318331395512
765,2017-01-17 00:00:00+00:00,32.240352630615234,41.220001220703125,41.29999923706055,40.79999923706055,40.84000015258789,0.1460784525377259
766,2017-01-18 00:00:00+00:00,32.295108795166016,41.290000915527344,41.380001068115234,41.13999938964844,41.25,0.11402110119754386
767,2017-01-19 00:00:00+00:00,32.177772521972656,41.13999938964844,41.290000915527344,41.029998779296875,41.13999938964844,0.1232208779109753
768,2017-01-20 00:00:00+00:00,32.31856155395508,41.31999969482422,41.439998626708984,41.130001068115234,41.27000045776367,0.18040413635284214
769,2017-01-23 00:00:00+00:00,32.404605865478516,41.43000030517578,41.5,41.209999084472656,41.310001373291016,0.1331176541340398
770,2017-01-24 00:00:00+00:00,32.77220916748047,41.900001525878906,41.970001220703125,41.470001220703125,41.470001220703125,0.21656021489790192
771,2017-01-25 00:00:00+00:00,32.94429397583008,42.119998931884766,42.25,41.900001525878906,41.939998626708984,0.147139372145309
772,2017-01-26 00:00:00+00:00,32.70182418823242,41.810001373291016,42.11000061035156,41.790000915527344,42.029998779296875,0.09222136210974968
773,2017-01-27 00:00:00+00:00,32.42024612426758,41.45000076293945,41.95000076293945,41.41999816894531,41.90999984741211,0.15375778341819665
774,2017-01-30 00:00:00+00:00,32.36548614501953,41.380001068115234,41.47999954223633,41.209999084472656,41.29999923706055,0.13307601920757942
775,2017-01-31 00:00:00+00:00,32.51409912109375,41.56999969482422,41.689998626708984,41.36000061035156,41.38999938964844,0.14929513611536885
776,2017-02-01 00:00:00+00:00,32.27164077758789,41.2599983215332,41.65999984741211,41.25,41.52000045776367,0.12551850903786313
777,2017-02-02 00:00:00+00:00,32.381141662597656,41.400001525878906,41.4900016784668,41.25,41.40999984741211,0.09966784580890495
778,2017-02-03 00:00:00+00:00,32.490638732910156,41.540000915527344,41.790000915527344,41.459999084472656,41.58000183105469,0.13702671111837583
779,2017-02-06 00:00:00+00:00,32.50628662109375,41.560001373291016,41.66999816894531,41.400001525878906,41.529998779296875,0.1965554037508443
780,2017-02-07 00:00:00+00:00,32.77220916748047,41.900001525878906,41.97999954223633,41.66999816894531,41.70000076293945,0.1591209787600194
781,2017-02-08 00:00:00+00:00,32.86608123779297,42.02000045776367,42.150001525878906,41.84000015258789,41.90999984741211,0.1730686791242479
782,2017-02-09 00:00:00+00:00,32.26380920410156,41.25,42.02000045776367,40.720001220703125,42.02000045776367,0.37385079892797773
783,2017-02-10 00:00:00+00:00,31.73977279663086,40.58000183105469,41.20000076293945,40.54999923706055,41.02000045776367,0.3986312903434727
784,2017-02-13 00:00:00+00:00,31.77105712890625,40.619998931884766,40.83000183105469,40.5,40.77000045776367,0.31797981168676964
785,2017-02-14 00:00:00+00:00,31.70066261291504,40.529998779296875,40.599998474121094,40.220001220703125,40.380001068115234,0.4499887431495126
786,2017-02-15 00:00:00+00:00,31.630271911621094,40.439998626708984,40.630001068115234,40.400001525878906,40.41999816894531,0.36398948949412024
787,2017-02-16 00:00:00+00:00,32.22471618652344,41.20000076293945,41.279998779296875,40.5,40.54999923706055,0.2963558645106971
788,2017-02-17 00:00:00+00:00,32.248165130615234,41.22999954223633,41.36000061035156,41.04999923706055,41.130001068115234,0.186105037209288
789,2017-02-21 00:00:00+00:00,32.428070068359375,41.459999084472656,41.5,41.20000076293945,41.20000076293945,0.21706137604973988
790,2017-02-22 00:00:00+00:00,32.537574768066406,41.599998474121094,41.68000030517578,41.400001525878906,41.5099983215332,0.12630032043473033
791,2017-02-23 00:00:00+00:00,32.58450698852539,41.65999984741211,42.0,41.619998931884766,41.66999816894531,0.15205229346763427
792,2017-02-24 00:00:00+00:00,32.67835998535156,41.779998779296875,41.90999984741211,41.599998474121094,41.70000076293945,0.1575804864809852
793,2017-02-27 00:00:00+00:00,32.592323303222656,41.66999816894531,41.75,41.59000015258789,41.75,0.14171449543095235
794,2017-02-28 00:00:00+00:00,32.81914520263672,41.959999084472656,42.06999969482422,41.63999938964844,41.68000030517578,0.19970115375007327
795,2017-03-01 00:00:00+00:00,32.97557830810547,42.15999984741211,42.349998474121094,41.880001068115234,42.0099983215332,0.17988909689218407
796,2017-03-02 00:00:00+00:00,33.218048095703125,42.470001220703125,42.560001373291016,42.06999969482422,42.08000183105469,0.19292853904585086
797,2017-03-03 00:00:00+00:00,33.22587966918945,42.47999954223633,42.4900016784668,42.25,42.470001220703125,0.13483085425616892
798,2017-03-06 00:00:00+00:00,32.9912223815918,42.18000030517578,42.43000030517578,42.119998931884766,42.34000015258789,0.20526789762125788
799,2017-03-07 00:00:00+00:00,32.84260559082031,41.9900016784668,42.2400016784668,41.95000076293945,42.0,0.12764034825302933
800,2017-03-08 00:00:00+00:00,32.84260559082031,41.9900016784668,42.029998779296875,41.7400016784668,42.0,0.1794881679707137
801,2017-03-09 00:00:00+00:00,32.873897552490234,42.029998779296875,42.11000061035156,41.91999816894531,42.09000015258789,0.17733548806928054
802,2017-03-10 00:00:00+00:00,33.07725143432617,42.290000915527344,42.400001525878906,42.150001525878906,42.22999954223633,0.20622241686122003
803,2017-03-13 00:00:00+00:00,33.164058685302734,42.029998779296875,42.119998931884766,41.84000015258789,41.91999816894531,0.15166215878635733
804,2017-03-14 00:00:00+00:00,33.116703033447266,41.970001220703125,42.099998474121094,41.83000183105469,41.97999954223633,0.10560159384666629
805,2017-03-15 00:00:00+00:00,33.23507308959961,42.119998931884766,42.279998779296875,41.970001220703125,41.97999954223633,0.30472911083217424
806,2017-03-16 00:00:00+00:00,33.33763885498047,42.25,42.38999938964844,41.900001525878906,42.029998779296875,0.20058628144593477
807,2017-03-17 00:00:00+00:00,33.164058685302734,42.029998779296875,42.349998474121094,42.0099983215332,42.279998779296875,0.5324675324675325
808,2017-03-20 00:00:00+00:00,33.282413482666016,42.18000030517578,42.34000015258789,42.06999969482422,42.099998474121094,0.1308863304826259
809,2017-03-21 00:00:00+00:00,33.53491973876953,42.5,42.630001068115234,42.209999084472656,42.310001373291016,0.21883008940714951
810,2017-03-22 00:00:00+00:00,33.44022750854492,42.380001068115234,42.70000076293945,42.25,42.560001373291016,0.13275681810471648
811,2017-03-23 00:00:00+00:00,33.27451705932617,42.16999816894531,42.38999938964844,42.060001373291016,42.209999084472656,0.1311808590364753
812,2017-03-24 00:00:00+00:00,33.23507308959961,42.119998931884766,42.25,41.90999984741211,42.22999954223633,0.16666461062091556
813,2017-03-27 00:00:00+00:00,33.39288330078125,42.31999969482422,42.34000015258789,42.04999923706055,42.11000061035156,0.14481398440078092
814,2017-03-28 00:00:00+00:00,33.47966766357422,42.43000030517578,42.560001373291016,42.2400016784668,42.2400016784668,0.1715898682177476
815,2017-03-29 00:00:00+00:00,33.471778869628906,42.41999816894531,42.529998779296875,42.290000915527344,42.5099983215332,0.1015244551221754
816,2017-03-30 00:00:00+00:00,33.61381530761719,42.599998474121094,42.619998931884766,42.2599983215332,42.349998474121094,0.13883860143655918
817,2017-03-31 00:00:00+00:00,33.487571716308594,42.439998626708984,42.650001525878906,42.43000030517578,42.54999923706055,0.13192874567844887
818,2017-04-03 00:00:00+00:00,33.46389389038086,42.40999984741211,42.630001068115234,42.27000045776367,42.58000183105469,0.12712068268943122
819,2017-04-04 00:00:00+00:00,33.67693328857422,42.68000030517578,42.689998626708984,42.369998931884766,42.5099983215332,0.12259018587681614
820,2017-04-05 00:00:00+00:00,33.590145111083984,42.56999969482422,42.86000061035156,42.529998779296875,42.650001525878906,0.110201482203382
821,2017-04-06 00:00:00+00:00,33.669044494628906,42.66999816894531,42.7599983215332,42.470001220703125,42.58000183105469,0.17889911086301494
822,2017-04-07 00:00:00+00:00,33.621700286865234,42.61000061035156,42.7400016784668,42.5099983215332,42.63999938964844,0.12386390621964122
823,2017-04-10 00:00:00+00:00,33.68482971191406,42.689998626708984,42.79999923706055,42.560001373291016,42.72999954223633,0.09916205855412696
824,2017-04-11 00:00:00+00:00,33.66115188598633,42.65999984741211,42.75,42.52000045776367,42.68000030517578,0.09118203098255345
825,2017-04-12 00:00:00+00:00,33.88208770751953,42.939998626708984,42.9900016784668,42.5099983215332,42.540000915527344,0.16069385375963388
826,2017-04-13 00:00:00+00:00,33.76373291015625,42.790000915527344,43.08000183105469,42.779998779296875,42.869998931884766,0.10633251811119304
827,2017-04-17 00:00:00+00:00,33.984676361083984,43.06999969482422,43.06999969482422,42.779998779296875,42.790000915527344,0.12832501148815564
828,2017-04-18 00:00:00+00:00,34.30818176269531,43.47999954223633,43.59000015258789,43.09000015258789,43.11000061035156,0.15706082091738707
829,2017-04-19 00:00:00+00:00,34.11091613769531,43.22999954223633,43.790000915527344,43.189998626708984,43.7400016784668,0.16803239505685483
830,2017-04-20 00:00:00+00:00,34.00044631958008,43.09000015258789,43.29999923706055,43.04999923706055,43.20000076293945,0.12092633085271415
831,2017-04-21 00:00:00+00:00,33.984676361083984,43.06999969482422,43.099998474121094,42.88999938964844,42.97999954223633,0.16711796870903975
832,2017-04-24 00:00:00+00:00,34.1503791809082,43.279998779296875,43.43000030517578,43.150001525878906,43.2400016784668,0.21137435350211417
833,2017-04-25 00:00:00+00:00,34.0162353515625,43.11000061035156,43.43000030517578,42.81999969482422,42.849998474121094,0.24285189994047748
834,2017-04-26 00:00:00+00:00,34.11880874633789,43.2400016784668,43.43000030517578,42.97999954223633,43.060001373291016,0.16392287361178362
835,2017-04-27 00:00:00+00:00,33.937320709228516,43.0099983215332,43.279998779296875,42.91999816894531,43.16999816894531,0.11395479372206993
836,2017-04-28 00:00:00+00:00,34.047794342041016,43.150001525878906,43.20000076293945,42.849998474121094,42.959999084472656,0.11320844911440972
837,2017-05-01 00:00:00+00:00,34.10303497314453,43.220001220703125,43.5,43.099998474121094,43.150001525878906,0.15747100204473752
838,2017-05-02 00:00:00+00:00,34.23716354370117,43.38999938964844,43.439998626708984,43.15999984741211,43.220001220703125,0.1361246210450675
839,2017-05-03 00:00:00+00:00,34.18193435668945,43.31999969482422,43.4900016784668,43.150001525878906,43.33000183105469,0.11399797068284365
840,2017-05-04 00:00:00+00:00,34.450225830078125,43.65999984741211,43.810001373291016,43.400001525878906,43.41999816894531,0.11097712546299582
841,2017-05-05 00:00:00+00:00,34.47388458251953,43.689998626708984,43.84000015258789,43.560001373291016,43.790000915527344,0.07920967657372313
842,2017-05-08 00:00:00+00:00,34.63169860839844,43.88999938964844,43.90999984741211,43.540000915527344,43.59000015258789,0.1740648332906704
843,2017-05-09 00:00:00+00:00,34.33185577392578,43.5099983215332,43.88999938964844,43.380001068115234,43.88999938964844,0.08786665720885622
844,2017-05-10 00:00:00+00:00,34.37919616699219,43.56999969482422,43.619998931884766,43.36000061035156,43.47999954223633,0.07095516689437376
845,2017-05-11 00:00:00+00:00,34.45811080932617,43.66999816894531,43.68000030517578,43.43000030517578,43.4900016784668,0.059581121799122276
846,2017-05-12 00:00:00+00:00,34.394989013671875,43.59000015258789,43.68000030517578,43.459999084472656,43.63999938964844,0.06599135843970802
847,2017-05-15 00:00:00+00:00,34.50543975830078,43.72999954223633,43.7599983215332,43.459999084472656,43.459999084472656,0.08476100010177429
848,2017-05-16 00:00:00+00:00,34.60013198852539,43.849998474121094,44.11000061035156,43.77000045776367,43.869998931884766,0.11500183502083292
849,2017-05-17 00:00:00+00:00,34.66325378417969,43.93000030517578,44.16999816894531,43.709999084472656,43.849998474121094,0.1779893106181399
850,2017-05-18 00:00:00+00:00,34.56068420410156,43.79999923706055,43.959999084472656,43.63999938964844,43.869998931884766,0.1670932961600262
851,2017-05-19 00:00:00+00:00,34.63958740234375,43.900001525878906,44.0,43.7599983215332,43.849998474121094,0.13570672974615033
852,2017-05-22 00:00:00+00:00,34.86051940917969,44.18000030517578,44.220001220703125,43.810001373291016,43.88999938964844,0.15206925584508107
853,2017-05-23 00:00:00+00:00,35.02622604370117,44.38999938964844,44.599998474121094,44.209999084472656,44.25,0.13878000413265199
854,2017-05-24 00:00:00+00:00,35.531219482421875,45.029998779296875,45.09000015258789,44.5099983215332,44.5099983215332,0.15022498280631744
855,2017-05-25 00:00:00+00:00,35.831058502197266,45.40999984741211,45.47999954223633,44.970001220703125,45.0,0.21138052163936757
856,2017-05-26 00:00:00+00:00,35.81528091430664,45.38999938964844,45.560001373291016,45.33000183105469,45.349998474121094,0.12868430548316565
857,2017-05-30 00:00:00+00:00,35.84685134887695,45.43000030517578,45.459999084472656,45.11000061035156,45.15999984741211,0.15570228868732788
858,2017-05-31 00:00:00+00:00,35.87840270996094,45.470001220703125,45.70000076293945,45.369998931884766,45.43000030517578,0.1719630405215777
859,2017-06-01 00:00:00+00:00,36.13090515136719,45.790000915527344,45.790000915527344,45.22999954223633,45.45000076293945,0.12418002325387748
860,2017-06-02 00:00:00+00:00,36.20980453491211,45.88999938964844,45.88999938964844,45.61000061035156,45.83000183105469,0.10682288502283754
861,2017-06-05 00:00:00+00:00,36.28872299194336,45.9900016784668,45.9900016784668,45.689998626708984,45.779998779296875,0.10823384641955056
862,2017-06-06 00:00:00+00:00,36.28083038330078,45.97999954223633,46.060001373291016,45.779998779296875,45.900001525878906,0.10548131517022519
863,2017-06-07 00:00:00+00:00,35.90996170043945,45.5099983215332,45.70000076293945,45.349998474121094,45.5,0.1508109558453895
864,2017-06-08 00:00:00+00:00,35.61012268066406,45.130001068115234,45.5099983215332,45.029998779296875,45.5099983215332,0.1523946250851974
865,2017-06-09 00:00:00+00:00,35.76005172729492,45.31999969482422,45.349998474121094,44.970001220703125,45.060001373291016,0.09811193318673728
866,2017-06-12 00:00:00+00:00,35.7679443359375,45.33000183105469,45.47999954223633,45.20000076293945,45.31999969482422,0.12694334874339624
867,2017-06-13 00:00:00+00:00,35.82362747192383,45.029998779296875,45.11000061035156,44.79999923706055,45.0,0.10836029323324506
868,2017-06-14 00:00:00+00:00,36.03842544555664,45.29999923706055,45.470001220703125,45.15999984741211,45.18000030517578,0.13109142104630114
869,2017-06-15 00:00:00+00:00,35.998653411865234,45.25,45.34000015258789,45.040000915527344,45.18000030517578,0.10659157987583542
870,2017-06-16 00:00:00+00:00,36.04638671875,45.310001373291016,45.349998474121094,45.0099983215332,45.310001373291016,0.37053542515428056
871,2017-06-19 00:00:00+00:00,36.10207748413086,45.380001068115234,45.380001068115234,45.099998474121094,45.349998474121094,0.07137151615897758
872,2017-06-20 00:00:00+00:00,36.28504180908203,45.61000061035156,45.869998931884766,45.31999969482422,45.349998474121094,0.18388142372944086
873,2017-06-21 00:00:00+00:00,35.974788665771484,45.220001220703125,45.68000030517578,45.16999816894531,45.619998931884766,0.10053292705869293
874,2017-06-22 00:00:00+00:00,35.85544967651367,45.06999969482422,45.279998779296875,45.029998779296875,45.16999816894531,0.06862052694396556
875,2017-06-23 00:00:00+00:00,35.998653411865234,45.25,45.380001068115234,45.029998779296875,45.04999923706055,0.10098011700956372
876,2017-06-26 00:00:00+00:00,36.1418571472168,45.43000030517578,45.5099983215332,45.29999923706055,45.31999969482422,0.07325896615851496
877,2017-06-27 00:00:00+00:00,35.839542388916016,45.04999923706055,45.400001525878906,45.0,45.34000015258789,0.1300844726396852
878,2017-06-28 00:00:00+00:00,36.054344177246094,45.31999969482422,45.5,45.22999954223633,45.25,0.09595308514805073
879,2017-06-29 00:00:00+00:00,35.66453170776367,44.83000183105469,45.2400016784668,44.650001525878906,45.130001068115234,0.0969507813487866
880,2017-06-30 00:00:00+00:00,35.680419921875,44.849998474121094,45.119998931884766,44.849998474121094,44.88999938964844,0.09801941112793644
881,2017-07-03 00:00:00+00:00,35.608829498291016,44.7599983215332,45.27000045776367,44.7599983215332,45.11000061035156,0.05301822376151515
882,2017-07-05 00:00:00+00:00,35.656558990478516,44.81999969482422,44.9900016784668,44.72999954223633,44.790000915527344,0.0594808895687547
883,2017-07-06 00:00:00+00:00,35.32242965698242,44.400001525878906,44.849998474121094,44.290000915527344,44.720001220703125,0.15600298537843066
884,2017-07-07 00:00:00+00:00,35.314476013183594,44.38999938964844,44.52000045776367,44.2400016784668,44.470001220703125,0.1013070282839934
885,2017-07-10 00:00:00+00:00,35.3065299987793,44.380001068115234,44.58000183105469,44.22999954223633,44.45000076293945,0.10294158465614178
886,2017-07-11 00:00:00+00:00,35.26675033569336,44.33000183105469,44.47999954223633,44.150001525878906,44.31999969482422,0.11263635438415778
887,2017-07-12 00:00:00+00:00,35.40993881225586,44.5099983215332,44.77000045776367,44.439998626708984,44.59000015258789,0.07310938883012025
888,2017-07-13 00:00:00+00:00,35.34629440307617,44.43000030517578,44.529998779296875,44.369998931884766,44.4900016784668,0.05205291028135959
889,2017-07-14 00:00:00+00:00,35.54518508911133,44.68000030517578,44.720001220703125,44.5,44.52000045776367,0.0857741166456436
890,2017-07-17 00:00:00+00:00,35.584964752197266,44.72999954223633,44.790000915527344,44.61000061035156,44.65999984741211,0.06465595672434904
891,2017-07-18 00:00:00+00:00,35.5372314453125,44.66999816894531,44.849998474121094,44.619998931884766,44.779998779296875,0.0931527508350116
892,2017-07-19 00:00:00+00:00,35.66453170776367,44.83000183105469,44.84000015258789,44.54999923706055,44.66999816894531,0.06153642130844696
893,2017-07-20 00:00:00+00:00,35.656558990478516,44.81999969482422,44.97999954223633,44.75,44.900001525878906,0.06837380145382996
894,2017-07-21 00:00:00+00:00,35.82362747192383,45.029998779296875,45.06999969482422,44.66999816894531,44.779998779296875,0.0855721101505951
895,2017-07-24 00:00:00+00:00,35.6724739074707,44.84000015258789,45.04999923706055,44.83000183105469,45.040000915527344,0.09417666161907437
896,2017-07-25 00:00:00+00:00,35.990692138671875,45.2400016784668,45.290000915527344,44.939998626708984,45.02000045776367,0.17116580878157703
897,2017-07-26 00:00:00+00:00,36.388465881347656,45.7400016784668,45.790000915527344,44.310001373291016,44.54999923706055,0.1636499335383211
898,2017-07-27 00:00:00+00:00,36.69078063964844,46.119998931884766,46.43000030517578,45.70000076293945,45.79999923706055,0.18811122385095316
899,2017-07-28 00:00:00+00:00,36.603271484375,46.0099983215332,46.119998931884766,45.72999954223633,46.0,0.13799665070147143
900,2017-07-31 00:00:00+00:00,36.468017578125,45.84000015258789,46.08000183105469,45.790000915527344,46.0,0.16386581834218977
901,2017-08-01 00:00:00+00:00,36.356658935546875,45.70000076293945,46.060001373291016,45.650001525878906,45.970001220703125,0.11273041847727197
902,2017-08-02 00:00:00+00:00,36.269134521484375,45.59000015258789,46.0,45.380001068115234,45.599998474121094,0.11089693967870176
903,2017-08-03 00:00:00+00:00,36.33278274536133,45.66999816894531,45.95000076293945,45.630001068115234,45.650001525878906,0.1737117074329138
904,2017-08-04 00:00:00+00:00,36.19754409790039,45.5,45.7599983215332,45.470001220703125,45.66999816894531,0.10065320573513403
905,2017-08-07 00:00:00+00:00,36.30891036987305,45.63999938964844,45.7599983215332,45.5,45.52000045776367,0.04980770832112557
906,2017-08-08 00:00:00+00:00,36.27709197998047,45.599998474121094,45.81999969482422,45.54999923706055,45.63999938964844,0.04243061616607093
907,2017-08-09 00:00:00+00:00,36.269134521484375,45.59000015258789,45.65999984741211,45.33000183105469,45.560001373291016,0.10237565806314325
908,2017-08-10 00:00:00+00:00,36.388465881347656,45.7400016784668,45.84000015258789,45.459999084472656,45.560001373291016,0.09106175230611233
909,2017-08-11 00:00:00+00:00,36.269134521484375,45.59000015258789,45.900001525878906,45.56999969482422,45.86000061035156,0.08267308564150172
910,2017-08-14 00:00:00+00:00,36.43621063232422,45.79999923706055,45.939998626708984,45.619998931884766,45.66999816894531,0.08365381946479075
911,2017-08-15 00:00:00+00:00,36.746463775634766,46.189998626708984,46.25,45.79999923706055,45.79999923706055,0.10241883502391697
912,2017-08-16 00:00:00+00:00,36.75442123413086,46.20000076293945,46.34000015258789,46.119998931884766,46.150001525878906,0.07850496689252331
913,2017-08-17 00:00:00+00:00,36.48392868041992,45.86000061035156,46.33000183105469,45.849998474121094,46.119998931884766,0.08451427461163868
914,2017-08-18 00:00:00+00:00,36.33278274536133,45.66999816894531,45.900001525878906,45.630001068115234,45.79999923706055,0.12156627509275339
915,2017-08-21 00:00:00+00:00,36.340728759765625,45.68000030517578,45.79999923706055,45.560001373291016,45.66999816894531,0.09920523551490071
916,2017-08-22 00:00:00+00:00,36.27709197998047,45.599998474121094,45.75,45.540000915527344,45.70000076293945,0.11627555536365797
917,2017-08-23 00:00:00+00:00,36.22936248779297,45.540000915527344,45.65999984741211,45.439998626708984,45.630001068115234,0.05446619398174849
918,2017-08-24 00:00:00+00:00,36.125938415527344,45.40999984741211,45.61000061035156,45.310001373291016,45.540000915527344,0.06997905917402475
919,2017-08-25 00:00:00+00:00,36.25322723388672,45.56999969482422,45.7599983215332,45.560001373291016,45.599998474121094,0.0896045298799989
920,2017-08-28 00:00:00+00:00,36.13389205932617,45.41999816894531,45.689998626708984,45.380001068115234,45.630001068115234,0.07752885917217431
921,2017-08-29 00:00:00+00:00,36.15775680541992,45.45000076293945,45.56999969482422,45.25,45.400001525878906,0.07349181333983046
922,2017-08-30 00:00:00+00:00,36.110023498535156,45.38999938964844,45.540000915527344,45.290000915527344,45.36000061035156,0.06381863209220132
923,2017-08-31 00:00:00+00:00,36.23731994628906,45.54999923706055,45.650001525878906,45.34000015258789,45.400001525878906,0.17376105253094093
924,2017-09-01 00:00:00+00:00,36.4202880859375,45.779998779296875,45.79999923706055,45.540000915527344,45.63999938964844,0.06777086603731108
925,2017-09-05 00:00:00+00:00,36.53166198730469,45.91999816894531,45.93000030517578,45.650001525878906,45.75,0.10671494262090322
926,2017-09-06 00:00:00+00:00,36.56349563598633,45.959999084472656,46.040000915527344,45.790000915527344,45.97999954223633,0.09626303404503359
927,2017-09-07 00:00:00+00:00,36.81806564331055,46.279998779296875,46.31999969482422,45.959999084472656,46.0099983215332,0.09903098563749244
928,2017-09-08 00:00:00+00:00,36.8339729309082,46.29999923706055,46.369998931884766,46.02000045776367,46.189998626708984,0.1162477987460177
929,2017-09-11 00:00:00+00:00,37.00899887084961,46.52000045776367,46.59000015258789,46.220001220703125,46.349998474121094,0.11463483085425619
930,2017-09-12 00:00:00+00:00,37.16810989379883,46.720001220703125,46.75,46.45000076293945,46.5,0.08591135769953154
931,2017-09-13 00:00:00+00:00,37.28744888305664,46.869998931884766,46.97999954223633,46.650001525878906,46.68000030517578,0.11136109200701935
932,2017-09-14 00:00:00+00:00,36.97471618652344,46.11000061035156,46.470001220703125,45.939998626708984,46.400001525878906,0.16611564640536383
933,2017-09-15 00:00:00+00:00,37.03083038330078,46.18000030517578,46.36000061035156,46.0,46.29999923706055,0.2027019525238476
934,2017-09-18 00:00:00+00:00,36.97471618652344,46.11000061035156,46.2400016784668,45.90999984741211,46.150001525878906,0.08541328061632028
935,2017-09-19 00:00:00+00:00,36.87046813964844,45.97999954223633,46.189998626708984,45.88999938964844,46.13999938964844,0.06633214802295781
936,2017-09-20 00:00:00+00:00,36.71009063720703,45.779998779296875,46.150001525878906,45.54999923706055,45.7599983215332,0.12382998146474758
937,2017-09-21 00:00:00+00:00,36.40538024902344,45.400001525878906,45.790000915527344,45.36000061035156,45.709999084472656,0.07030134434551438
938,2017-09-22 00:00:00+00:00,36.4775390625,45.4900016784668,45.630001068115234,45.369998931884766,45.45000076293945,0.07754119544668109
939,2017-09-25 00:00:00+00:00,36.637908935546875,45.689998626708984,45.7599983215332,45.349998474121094,45.5,0.09589911394708356
940,2017-09-26 00:00:00+00:00,36.54169464111328,45.56999969482422,45.869998931884766,45.560001373291016,45.689998626708984,0.05372139140840163
941,2017-09-27 00:00:00+00:00,35.79594421386719,44.63999938964844,45.5,44.380001068115234,45.470001220703125,0.182266913803366
942,2017-09-28 00:00:00+00:00,36.01244354248047,44.90999984741211,45.0,44.650001525878906,44.66999816894531,0.08933313184084973
943,2017-09-29 00:00:00+00:00,36.09263610839844,45.0099983215332,45.11000061035156,44.790000915527344,44.86000061035156,0.10926700940949341
944,2017-10-02 00:00:00+00:00,35.92424011230469,44.79999923706055,45.27000045776367,44.75,45.04999923706055,0.11891397607379561
945,2017-10-03 00:00:00+00:00,36.236976623535156,45.189998626708984,45.2599983215332,44.7599983215332,44.86000061035156,0.13942765854425795
946,2017-10-04 00:00:00+00:00,36.485572814941406,45.5,45.560001373291016,44.939998626708984,45.11000061035156,0.17061067642877192
947,2017-10-05 00:00:00+00:00,36.50160598754883,45.52000045776367,45.75,45.5,45.5099983215332,0.11131945708055899
948,2017-10-06 00:00:00+00:00,36.4775390625,45.4900016784668,45.52000045776367,45.279998779296875,45.38999938964844,0.03765030979469356
949,2017-10-09 00:00:00+00:00,36.41339111328125,45.40999984741211,45.650001525878906,45.34000015258789,45.54999923706055,0.035035019599256124
950,2017-10-10 00:00:00+00:00,36.782257080078125,45.869998931884766,45.900001525878906,45.529998779296875,45.599998474121094,0.051104559178650845
951,2017-10-11 00:00:00+00:00,36.966678619384766,46.099998474121094,46.099998474121094,45.869998931884766,45.880001068115234,0.056159347657804094
952,2017-10-12 00:00:00+00:00,36.97471618652344,46.11000061035156,46.13999938964844,45.939998626708984,45.97999954223633,0.07268995549688972
953,2017-10-13 00:00:00+00:00,37.03083038330078,46.18000030517578,46.380001068115234,46.150001525878906,46.25,0.06368139103831338
954,2017-10-16 00:00:00+00:00,37.383663177490234,46.619998931884766,46.75,46.099998474121094,46.119998931884766,0.14976699861525322
955,2017-10-17 00:00:00+00:00,37.30347442626953,46.52000045776367,46.630001068115234,46.310001373291016,46.529998779296875,0.07252341579104818
956,2017-10-18 00:00:00+00:00,37.20724868774414,46.400001525878906,46.540000915527344,46.2400016784668,46.40999984741211,0.05051550207095209
957,2017-10-19 00:00:00+00:00,37.359619140625,46.59000015258789,46.790000915527344,46.31999969482422,46.369998931884766,0.06968761468880205
958,2017-10-20 00:00:00+00:00,37.191219329833984,46.380001068115234,46.59000015258789,46.279998779296875,46.58000183105469,0.1025529920091782
959,2017-10-23 00:00:00+00:00,37.14311218261719,46.31999969482422,46.650001525878906,46.22999954223633,46.380001068115234,0.06410699250879731
960,2017-10-24 00:00:00+00:00,37.03083038330078,46.18000030517578,46.290000915527344,45.95000076293945,46.2599983215332,0.10089838919095628
961,2017-10-25 00:00:00+00:00,36.92658996582031,46.04999923706055,46.7599983215332,45.93000030517578,46.369998931884766,0.13875070548069837
962,2017-10-26 00:00:00+00:00,37.070926666259766,46.22999954223633,46.75,46.220001220703125,46.31999969482422,0.11677517448118258
963,2017-10-27 00:00:00+00:00,36.94263458251953,46.06999969482422,46.33000183105469,45.90999984741211,46.130001068115234,0.10781441308632
964,2017-10-30 00:00:00+00:00,36.77423095703125,45.86000061035156,46.06999969482422,45.81999969482422,46.0,0.06485179508214417
965,2017-10-31 00:00:00+00:00,36.87046813964844,45.97999954223633,46.16999816894531,45.84000015258789,45.91999816894531,0.054961186996333046
966,2017-11-01 00:00:00+00:00,36.726131439208984,45.79999923706055,46.09000015258789,45.630001068115234,45.75,0.06278084299931844
967,2017-11-02 00:00:00+00:00,36.79027557373047,45.880001068115234,45.95000076293945,45.75,45.810001373291016,0.08205935598478939
968,2017-11-03 00:00:00+00:00,36.86244201660156,45.970001220703125,46.15999984741211,45.91999816894531,45.970001220703125,0.026740417027759707
969,2017-11-06 00:00:00+00:00,36.46150588989258,45.470001220703125,45.91999816894531,45.41999816894531,45.90999984741211,0.06869762865963294
970,2017-11-07 00:00:00+00:00,36.83837890625,45.939998626708984,45.95000076293945,45.310001373291016,45.40999984741211,0.10596397191030296
971,2017-11-08 00:00:00+00:00,37.03083038330078,46.18000030517578,46.189998626708984,45.869998931884766,45.97999954223633,0.07078862718853221
972,2017-11-09 00:00:00+00:00,37.070926666259766,46.22999954223633,46.38999938964844,46.02000045776367,46.119998931884766,0.05452787535428239
973,2017-11-10 00:00:00+00:00,37.31950378417969,46.540000915527344,46.63999938964844,46.13999938964844,46.20000076293945,0.07751189679472748
974,2017-11-13 00:00:00+00:00,37.46385955810547,46.720001220703125,46.81999969482422,46.540000915527344,46.599998474121094,0.07181716407553501
975,2017-11-14 00:00:00+00:00,38.03319549560547,47.43000030517578,47.47999954223633,46.619998931884766,46.709999084472656,0.2190367220051381
976,2017-11-15 00:00:00+00:00,37.536033630371094,46.810001373291016,47.459999084472656,46.779998779296875,47.31999969482422,0.14530280927811207
977,2017-11-16 00:00:00+00:00,37.32754135131836,46.54999923706055,46.97999954223633,46.5099983215332,46.95000076293945,0.14664900523366448
978,2017-11-17 00:00:00+00:00,36.653961181640625,45.709999084472656,46.380001068115234,45.25,46.34000015258789,0.2578959867014961
979,2017-11-20 00:00:00+00:00,36.4534797668457,45.459999084472656,45.880001068115234,45.41999816894531,45.650001525878906,0.2492636786153766
980,2017-11-21 00:00:00+00:00,36.71009063720703,45.779998779296875,45.95000076293945,45.540000915527344,45.560001373291016,0.1123294895558016
981,2017-11-22 00:00:00+00:00,36.75819778442383,45.84000015258789,45.93000030517578,45.540000915527344,45.88999938964844,0.08385736799415261
982,2017-11-24 00:00:00+00:00,36.79027557373047,45.880001068115234,46.04999923706055,45.86000061035156,45.88999938964844,0.0
983,2017-11-27 00:00:00+00:00,36.80630874633789,45.900001525878906,45.9900016784668,45.810001373291016,45.880001068115234,0.04090862829879691
984,2017-11-28 00:00:00+00:00,36.75017547607422,45.83000183105469,46.150001525878906,45.779998779296875,45.9900016784668,0.08383269544513905
985,2017-11-29 00:00:00+00:00,36.485572814941406,45.5,45.81999969482422,45.209999084472656,45.77000045776367,0.20826407029209218
986,2017-11-30 00:00:00+00:00,37.00298309326172,45.77000045776367,45.84000015258789,45.029998779296875,45.13999938964844,0.21821790178475056
987,2017-12-01 00:00:00+00:00,37.1646614074707,45.970001220703125,46.02000045776367,45.209999084472656,45.79999923706055,0.1460692003318458
988,2017-12-04 00:00:00+00:00,37.374855041503906,46.22999954223633,46.380001068115234,45.77000045776367,45.9900016784668,0.22401595080293732
989,2017-12-05 00:00:00+00:00,37.39910888671875,46.2599983215332,46.439998626708984,46.060001373291016,46.25,0.16460445277828326
990,2017-12-06 00:00:00+00:00,37.55271911621094,46.45000076293945,46.47999954223633,46.2599983215332,46.36000061035156,0.07953350377952612
991,2017-12-07 00:00:00+00:00,37.011051177978516,45.779998779296875,46.31999969482422,45.720001220703125,46.290000915527344,0.09422138061416144
992,2017-12-08 00:00:00+00:00,36.63108825683594,45.310001373291016,45.72999954223633,45.04999923706055,45.70000076293945,0.15793978047599516
993,2017-12-11 00:00:00+00:00,36.647254943847656,45.33000183105469,45.40999984741211,44.91999816894531,45.310001373291016,0.10335330781780558
994,2017-12-12 00:00:00+00:00,36.61491012573242,45.290000915527344,45.52000045776367,45.060001373291016,45.25,0.1696700354976299
995,2017-12-13 00:00:00+00:00,37.108070373535156,45.900001525878906,46.04999923706055,45.400001525878906,45.45000076293945,0.1452966411408587
996,2017-12-14 00:00:00+00:00,37.21316909790039,46.029998779296875,46.16999816894531,45.79999923706055,45.810001373291016,0.09302630402131709
997,2017-12-15 00:00:00+00:00,37.342525482177734,46.189998626708984,46.41999816894531,46.040000915527344,46.290000915527344,0.2804235659851903
998,2017-12-18 00:00:00+00:00,37.13233184814453,45.93000030517578,46.380001068115234,45.90999984741211,46.20000076293945,0.11041736700725066
999,2017-12-19 00:00:00+00:00,37.29401779174805,46.130001068115234,46.380001068115234,45.90999984741211,46.040000915527344,0.08106320181836688
1000,2017-12-20 00:00:00+00:00,37.25358963012695,46.08000183105469,46.29999923706055,45.959999084472656,46.209999084472656,0.06653415451800634
1001,2017-12-21 00:00:00+00:00,36.86553192138672,45.599998474121094,46.220001220703125,45.560001373291016,46.13999938964844,0.10271182154345301
1002,2017-12-22 00:00:00+00:00,36.85744094848633,45.59000015258789,45.72999954223633,45.54999923706055,45.689998626708984,0.03716302695167573
1003,2017-12-26 00:00:00+00:00,37.03531265258789,45.810001373291016,45.86000061035156,45.61000061035156,45.70000076293945,0.047866287120621014
1004,2017-12-27 00:00:00+00:00,37.13233184814453,45.93000030517578,45.939998626708984,45.720001220703125,45.900001525878906,0.04108442021051854
1005,2017-12-28 00:00:00+00:00,36.962547302246094,45.720001220703125,45.9900016784668,45.63999938964844,45.90999984741211,0.05462810758464998
1006,2017-12-29 00:00:00+00:00,37.09190368652344,45.880001068115234,46.18000030517578,45.689998626708984,45.70000076293945,0.08288742841105701
1007,2018-01-02 00:00:00+00:00,36.8170280456543,45.540000915527344,45.939998626708984,45.5099983215332,45.90999984741211,0.12144908048493896
1008,2018-01-03 00:00:00+00:00,36.736183166503906,45.439998626708984,45.689998626708984,45.34000015258789,45.4900016784668,0.1486413135665095
1009,2018-01-04 00:00:00+00:00,37.25358963012695,46.08000183105469,46.220001220703125,45.45000076293945,45.560001373291016,0.14977933488976
1010,2018-01-05 00:00:00+00:00,37.245506286621094,46.06999969482422,46.20000076293945,45.790000915527344,46.02000045776367,0.156004527412744
1011,2018-01-08 00:00:00+00:00,37.18891525268555,46.0,46.099998474121094,45.880001068115234,45.95000076293945,0.06279626334245189
1012,2018-01-09 00:00:00+00:00,37.374855041503906,46.22999954223633,46.36000061035156,45.939998626708984,46.0,0.10741965230210304
1013,2018-01-10 00:00:00+00:00,37.245506286621094,46.06999969482422,46.2599983215332,45.93000030517578,46.22999954223633,0.11880449163754794
1014,2018-01-11 00:00:00+00:00,37.221256256103516,46.040000915527344,46.22999954223633,45.86000061035156,46.22999954223633,0.07073157191893834
1015,2018-01-12 00:00:00+00:00,37.310184478759766,46.150001525878906,46.38999938964844,46.029998779296875,46.279998779296875,0.1784719673582177
1016,2018-01-16 00:00:00+00:00,37.61738586425781,46.529998779296875,46.619998931884766,46.13999938964844,46.150001525878906,0.2076040796059794
1017,2018-01-17 00:00:00+00:00,37.85186767578125,46.81999969482422,47.0,46.54999923706055,46.58000183105469,0.14104679457327288
1018,2018-01-18 00:00:00+00:00,37.90035629272461,46.880001068115234,47.06999969482422,46.61000061035156,46.75,0.13811384530928583
1019,2018-01-19 00:00:00+00:00,38.12672424316406,47.15999984741211,47.25,46.869998931884766,46.9900016784668,0.20341128830798746
1020,2018-01-22 00:00:00+00:00,38.30457305908203,47.380001068115234,47.5,47.09000015258789,47.13999938964844,0.101482820195715
1021,2018-01-23 00:00:00+00:00,38.361175537109375,47.45000076293945,47.70000076293945,47.130001068115234,47.209999084472656,0.13057021344838968
1022,2018-01-24 00:00:00+00:00,38.66838836669922,47.83000183105469,47.95000076293945,47.47999954223633,47.529998779296875,0.1999740938235358
1023,2018-01-25 00:00:00+00:00,38.67646789550781,47.84000015258789,48.0,47.70000076293945,47.70000076293945,0.13506215940317107
1024,2018-01-26 00:00:00+00:00,39.23430633544922,48.529998779296875,48.619998931884766,47.7400016784668,47.779998779296875,0.21087165031596286
1025,2018-01-29 00:00:00+00:00,38.56329345703125,47.70000076293945,48.459999084472656,47.58000183105469,48.209999084472656,0.13363731969763792
1026,2018-01-30 00:00:00+00:00,38.3288459777832,47.40999984741211,48.15999984741211,47.400001525878906,47.72999954223633,0.14508229837130338
1027,2018-01-31 00:00:00+00:00,38.47435760498047,47.59000015258789,47.900001525878906,47.369998931884766,47.45000076293945,0.12280452864637145
1028,2018-02-01 00:00:00+00:00,38.361175537109375,47.45000076293945,47.72999954223633,47.11000061035156,47.40999984741211,0.11230790107541475
1029,2018-02-02 00:00:00+00:00,37.77907943725586,46.72999954223633,47.40999984741211,46.630001068115234,47.349998474121094,0.15290812251154215
1030,2018-02-05 00:00:00+00:00,36.29152297973633,44.88999938964844,46.91999816894531,44.40999984741211,46.650001525878906,0.3124963376685058
1031,2018-02-06 00:00:00+00:00,36.11367416381836,44.66999816894531,44.7400016784668,43.439998626708984,43.869998931884766,0.3421465734455523
1032,2018-02-07 00:00:00+00:00,36.02474594116211,44.560001373291016,45.5,44.279998779296875,44.58000183105469,0.23200368854607753
1033,2018-02-08 00:00:00+00:00,34.84440612792969,43.099998474121094,44.619998931884766,43.06999969482422,44.619998931884766,0.3130175452664173
1034,2018-02-09 00:00:00+00:00,34.86864471435547,43.130001068115234,43.459999084472656,42.189998626708984,43.36000061035156,0.30619866953279445
1035,2018-02-12 00:00:00+00:00,35.547752380371094,43.970001220703125,44.22999954223633,43.369998931884766,43.560001373291016,0.1803054461567879
1036,2018-02-13 00:00:00+00:00,35.725616455078125,44.189998626708984,44.40999984741211,43.689998626708984,43.91999816894531,0.15677708660373113
1037,2018-02-14 00:00:00+00:00,35.6528434753418,44.099998474121094,44.189998626708984,43.630001068115234,44.02000045776367,0.16132146172516634
1038,2018-02-15 00:00:00+00:00,36.20259094238281,44.779998779296875,44.83000183105469,44.119998931884766,44.25,0.161466412950621
1039,2018-02-16 00:00:00+00:00,36.36429214477539,44.97999954223633,45.63999938964844,44.720001220703125,45.56999969482422,0.21906139455415166
1040,2018-02-20 00:00:00+00:00,35.56392288208008,43.9900016784668,44.83000183105469,43.939998626708984,44.75,0.17179804285004951
1041,2018-02-21 00:00:00+00:00,35.038429260253906,43.34000015258789,44.2599983215332,43.33000183105469,44.11000061035156,0.15106693354140519
1042,2018-02-22 00:00:00+00:00,35.1839485168457,43.52000045776367,43.81999969482422,43.220001220703125,43.43000030517578,0.14466594910669955
1043,2018-02-23 00:00:00+00:00,35.60434341430664,44.040000915527344,44.060001373291016,43.41999816894531,43.58000183105469,0.08143329005357028
1044,2018-02-26 00:00:00+00:00,35.59626007080078,44.029998779296875,44.38999938964844,43.810001373291016,44.22999954223633,0.14983947422798055
1045,2018-02-27 00:00:00+00:00,35.26479721069336,43.619998931884766,44.310001373291016,43.619998931884766,44.150001525878906,0.1507816571934359
1046,2018-02-28 00:00:00+00:00,34.9414176940918,43.220001220703125,43.90999984741211,43.220001220703125,43.83000183105469,0.13775146724564918
1047,2018-03-01 00:00:00+00:00,35.11119842529297,43.43000030517578,43.63999938964844,42.81999969482422,43.099998474121094,0.227457771390329
1048,2018-03-02 00:00:00+00:00,35.345638275146484,43.720001220703125,43.79999923706055,43.2400016784668,43.25,0.17045338892881046
1049,2018-03-05 00:00:00+00:00,35.48308181762695,43.88999938964844,43.939998626708984,43.5,43.56999969482422,0.13872757496599816
1050,2018-03-06 00:00:00+00:00,35.51541519165039,43.93000030517578,44.04999923706055,43.59000015258789,43.95000076293945,0.10816137080682323
1051,2018-03-07 00:00:00+00:00,35.426483154296875,43.81999969482422,43.91999816894531,43.470001220703125,43.59000015258789,0.12159557374470698
1052,2018-03-08 00:00:00+00:00,35.93580627441406,44.45000076293945,44.459999084472656,43.79999923706055,43.900001525878906,0.1444084293763705
1053,2018-03-09 00:00:00+00:00,36.23494338989258,44.81999969482422,44.81999969482422,44.38999938964844,44.56999969482422,0.10458539323417027
1054,2018-03-12 00:00:00+00:00,36.000484466552734,44.529998779296875,45.09000015258789,44.33000183105469,44.95000076293945,0.13664582864297897
1055,2018-03-13 00:00:00+00:00,36.0328254699707,44.56999969482422,44.83000183105469,44.400001525878906,44.66999816894531,0.12869509972335907
1056,2018-03-14 00:00:00+00:00,35.70659255981445,43.779998779296875,44.43000030517578,43.72999954223633,44.380001068115234,0.19005418708577107
1057,2018-03-15 00:00:00+00:00,35.61687088012695,43.66999816894531,44.0,43.54999923706055,43.880001068115234,0.14588261417993076
1058,2018-03-16 00:00:00+00:00,35.44559860229492,43.459999084472656,44.02000045776367,43.45000076293945,43.70000076293945,0.3640280403519539
1059,2018-03-19 00:00:00+00:00,35.28248977661133,43.2599983215332,43.709999084472656,43.18000030517578,43.459999084472656,0.14470449996453325
1060,2018-03-20 00:00:00+00:00,35.200923919677734,43.15999984741211,43.47999954223633,43.0099983215332,43.31999969482422,0.16289279469046747
1061,2018-03-21 00:00:00+00:00,35.07042694091797,43.0,43.45000076293945,42.790000915527344,43.130001068115234,0.1550931851335556
1062,2018-03-22 00:00:00+00:00,34.87467956542969,42.7599983215332,43.369998931884766,42.70000076293945,42.880001068115234,0.14306685952375814
1063,2018-03-23 00:00:00+00:00,34.52398681640625,42.33000183105469,43.15999984741211,42.290000915527344,42.81999969482422,0.16158823366137545
1064,2018-03-26 00:00:00+00:00,34.817596435546875,42.689998626708984,42.810001373291016,42.25,42.61000061035156,0.12767735707654967
1065,2018-03-27 00:00:00+00:00,34.98070526123047,42.88999938964844,43.310001373291016,42.529998779296875,42.70000076293945,0.1330883554820862
1066,2018-03-28 00:00:00+00:00,35.331424713134766,43.31999969482422,43.70000076293945,43.0,43.0,0.20479911919000024
1067,2018-03-29 00:00:00+00:00,35.421138763427734,43.43000030517578,43.91999816894531,43.290000915527344,43.540000915527344,0.11494632178555239
1068,2018-04-02 00:00:00+00:00,34.8012809753418,42.66999816894531,43.5,42.470001220703125,43.439998626708984,0.1728867190752729
1069,2018-04-03 00:00:00+00:00,35.38035583496094,43.380001068115234,43.540000915527344,42.84000015258789,42.97999954223633,0.19257387115378094
1070,2018-04-04 00:00:00+00:00,36.08176040649414,44.2400016784668,44.400001525878906,43.11000061035156,43.13999938964844,0.16294676589143464
1071,2018-04-05 00:00:00+00:00,36.212249755859375,44.400001525878906,44.61000061035156,43.939998626708984,44.279998779296875,0.134334319207271
1072,2018-04-06 00:00:00+00:00,35.820777893066406,43.91999816894531,44.52000045776367,43.709999084472656,44.279998779296875,0.1310544122227808
1073,2018-04-09 00:00:00+00:00,35.74737548828125,43.83000183105469,44.310001373291016,43.779998779296875,44.029998779296875,0.13750474175551355
1074,2018-04-10 00:00:00+00:00,35.877864837646484,43.9900016784668,44.18000030517578,43.720001220703125,44.06999969482422,0.11385147742307564
1075,2018-04-11 00:00:00+00:00,35.877864837646484,43.9900016784668,44.13999938964844,43.7599983215332,43.810001373291016,0.08370162252850452
1076,2018-04-12 00:00:00+00:00,35.91048812866211,44.029998779296875,44.40999984741211,43.95000076293945,44.08000183105469,0.08450502240575858
1077,2018-04-13 00:00:00+00:00,36.301971435546875,44.5099983215332,44.689998626708984,44.13999938964844,44.189998626708984,0.11993788685785839
1078,2018-04-16 00:00:00+00:00,36.44062423706055,44.68000030517578,44.88999938964844,44.400001525878906,44.650001525878906,0.09199468306568759
1079,2018-04-17 00:00:00+00:00,36.603736877441406,44.880001068115234,45.029998779296875,44.650001525878906,44.95000076293945,0.0834255983864153
1080,2018-04-18 00:00:00+00:00,36.301971435546875,44.5099983215332,44.970001220703125,44.33000183105469,44.900001525878906,0.06835375500775645
1081,2018-04-19 00:00:00+00:00,36.13885498046875,44.310001373291016,44.470001220703125,44.02000045776367,44.34000015258789,0.113711152300561
1082,2018-04-20 00:00:00+00:00,35.67395782470703,43.7400016784668,44.40999984741211,43.58000183105469,44.310001373291016,0.1803316607401148
1083,2018-04-23 00:00:00+00:00,35.86970520019531,43.97999954223633,43.9900016784668,43.560001373291016,43.7400016784668,0.13696657178015528
1084,2018-04-24 00:00:00+00:00,35.12752151489258,43.06999969482422,44.099998474121094,42.72999954223633,43.97999954223633,0.23944092003935277
1085,2018-04-25 00:00:00+00:00,34.60552978515625,42.43000030517578,42.88999938964844,41.90999984741211,42.7400016784668,0.27414902836417915
1086,2018-04-26 00:00:00+00:00,34.86652755737305,42.75,43.099998474121094,42.2599983215332,42.400001525878906,0.16291129910222765
1087,2018-04-27 00:00:00+00:00,35.323265075683594,43.310001373291016,43.34000015258789,42.709999084472656,42.72999954223633,0.10457459899397684
1088,2018-04-30 00:00:00+00:00,35.24169921875,43.209999084472656,43.689998626708984,42.970001220703125,43.5,0.20110286294090618
1089,2018-05-01 00:00:00+00:00,34.73603057861328,42.59000015258789,42.9900016784668,42.18000030517578,42.959999084472656,0.13134894077663017
1090,2018-05-02 00:00:00+00:00,34.30377960205078,42.060001373291016,42.59000015258789,41.939998626708984,42.400001525878906,0.16561602728783922
1091,2018-05-03 00:00:00+00:00,34.165122985839844,41.88999938964844,42.400001525878906,41.52000045776367,42.220001220703125,0.23679324712333502
1092,2018-05-04 00:00:00+00:00,34.54845428466797,42.36000061035156,42.5,41.77000045776367,41.790000915527344,0.12259018587681614
1093,2018-05-07 00:00:00+00:00,34.3690185546875,42.13999938964844,42.4900016784668,41.959999084472656,42.34000015258789,0.09776034936329406
1094,2018-05-08 00:00:00+00:00,34.099876403808594,41.810001373291016,42.09000015258789,41.689998626708984,41.970001220703125,0.18606031821420094
1095,2018-05-09 00:00:00+00:00,34.075408935546875,41.779998779296875,42.22999954223633,41.66999816894531,41.970001220703125,0.09713119936344825
1096,2018-05-10 00:00:00+00:00,34.401641845703125,42.18000030517578,42.36000061035156,41.939998626708984,41.9900016784668,0.07598990892745347
1097,2018-05-11 00:00:00+00:00,34.3690185546875,42.13999938964844,42.470001220703125,42.040000915527344,42.2400016784668,0.05143609655602057
1098,2018-05-14 00:00:00+00:00,34.2874641418457,42.040000915527344,42.31999969482422,41.900001525878906,42.25,0.11903271271592336
1099,2018-05-15 00:00:00+00:00,34.02647018432617,41.720001220703125,41.91999816894531,41.45000076293945,41.779998779296875,0.20745604431189804
1100,2018-05-16 00:00:00+00:00,33.887821197509766,41.54999923706055,41.939998626708984,41.540000915527344,41.7400016784668,0.13252551295771436
1101,2018-05-17 00:00:00+00:00,34.499507904052734,42.29999923706055,42.349998474121094,41.869998931884766,42.0099983215332,0.18290223194046518
1102,2018-05-18 00:00:00+00:00,34.401641845703125,42.18000030517578,42.380001068115234,42.08000183105469,42.29999923706055,0.13807221038282547
1103,2018-05-21 00:00:00+00:00,34.589237213134766,42.40999984741211,42.52000045776367,42.27000045776367,42.310001373291016,0.09427843588375531
1104,2018-05-22 00:00:00+00:00,34.45873260498047,42.25,42.599998474121094,42.209999084472656,42.5,0.08059596542142258
1105,2018-05-23 00:00:00+00:00,34.581077575683594,42.400001525878906,42.45000076293945,41.93000030517578,42.25,0.09213809225682892
1106,2018-05-24 00:00:00+00:00,34.51581954956055,42.31999969482422,42.470001220703125,42.189998626708984,42.400001525878906,0.09673643857923128
1107,2018-05-25 00:00:00+00:00,34.581077575683594,42.400001525878906,42.58000183105469,42.20000076293945,42.34000015258789,0.08959527767411882
1108,2018-05-29 00:00:00+00:00,34.8094367980957,42.68000030517578,42.849998474121094,42.099998474121094,42.119998931884766,0.18243191147489415
1109,2018-05-30 00:00:00+00:00,35.17644500732422,43.130001068115234,43.279998779296875,42.70000076293945,42.77000045776367,0.10976046038976461
1110,2018-05-31 00:00:00+00:00,35.07042694091797,43.0,43.209999084472656,42.68000030517578,43.20000076293945,0.19391081490345327
1111,2018-06-01 00:00:00+00:00,35.168296813964844,43.119998931884766,43.31999969482422,43.040000915527344,43.099998474121094,0.11824935928474281
1112,2018-06-04 00:00:00+00:00,35.470062255859375,43.4900016784668,43.59000015258789,43.290000915527344,43.36000061035156,0.13463964200131384
1113,2018-06-05 00:00:00+00:00,35.160152435302734,43.11000061035156,43.540000915527344,43.099998474121094,43.5,0.10762782693440495
1114,2018-06-06 00:00:00+00:00,35.44559860229492,43.459999084472656,43.459999084472656,43.040000915527344,43.060001373291016,0.09570790169222848
1115,2018-06-07 00:00:00+00:00,35.42927932739258,43.439998626708984,43.72999954223633,43.33000183105469,43.33000183105469,0.13803982766224515
1116,2018-06-08 00:00:00+00:00,35.845237731933594,43.95000076293945,44.0,43.560001373291016,43.56999969482422,0.1400552665097904
1117,2018-06-11 00:00:00+00:00,35.99204635620117,44.130001068115234,44.25,43.88999938964844,43.95000076293945,0.0698510703260169
1118,2018-06-12 00:00:00+00:00,36.220420837402344,44.40999984741211,44.41999816894531,44.08000183105469,44.130001068115234,0.08091054042134546
1119,2018-06-13 00:00:00+00:00,36.03281784057617,44.18000030517578,44.52000045776367,44.150001525878906,44.349998474121094,0.21200967163921333
1120,2018-06-14 00:00:00+00:00,35.86003112792969,43.58000183105469,43.849998474121094,43.52000045776367,43.75,0.14957578636039812
1121,2018-06-15 00:00:00+00:00,36.304359436035156,44.119998931884766,44.150001525878906,43.45000076293945,43.560001373291016,0.2862971746847311
1122,2018-06-18 00:00:00+00:00,35.83533477783203,43.54999923706055,43.959999084472656,43.400001525878906,43.880001068115234,0.1413366970241822
1123,2018-06-19 00:00:00+00:00,35.8764762878418,43.599998474121094,43.75,43.20000076293945,43.29999923706055,0.1532797527810589
1124,2018-06-20 00:00:00+00:00,35.596710205078125,43.2599983215332,43.779998779296875,43.22999954223633,43.619998931884766,0.1217806178623087
1125,2018-06-21 00:00:00+00:00,35.45682907104492,43.09000015258789,43.29999923706055,42.959999084472656,43.27000045776367,0.11517300082961449
1126,2018-06-22 00:00:00+00:00,35.58848571777344,43.25,43.40999984741211,43.08000183105469,43.150001525878906,0.18393539493040803
1127,2018-06-25 00:00:00+00:00,35.86003112792969,43.58000183105469,43.75,43.15999984741211,43.15999984741211,0.14026498317640565
1128,2018-06-26 00:00:00+00:00,35.65430450439453,43.33000183105469,43.84000015258789,43.279998779296875,43.560001373291016,0.16929069505654643
1129,2018-06-27 00:00:00+00:00,35.44037628173828,43.06999969482422,43.61000061035156,42.9900016784668,43.33000183105469,0.19022997899749267
1130,2018-06-28 00:00:00+00:00,35.769508361816406,43.470001220703125,43.68000030517578,43.16999816894531,43.2400016784668,0.14915481099285424
1131,2018-06-29 00:00:00+00:00,36.09043884277344,43.86000061035156,44.099998474121094,43.310001373291016,43.56999969482422,0.1309079189630128
1132,2018-07-02 00:00:00+00:00,35.999900817871094,43.75,44.15999984741211,43.58000183105469,43.779998779296875,0.09616434384897934
1133,2018-07-03 00:00:00+00:00,36.19739532470703,43.9900016784668,44.33000183105469,43.9900016784668,44.060001373291016,0.08046335047047468
1134,2018-07-05 00:00:00+00:00,36.748714447021484,44.65999984741211,44.66999816894531,44.130001068115234,44.15999984741211,0.13348928440355656
1135,2018-07-06 00:00:00+00:00,36.732261657714844,44.63999938964844,44.939998626708984,44.58000183105469,44.66999816894531,0.0884757607626285
1136,2018-07-09 00:00:00+00:00,36.534759521484375,44.400001525878906,44.72999954223633,44.34000015258789,44.540000915527344,0.06749175782659517
1137,2018-07-10 00:00:00+00:00,37.003787994384766,44.970001220703125,45.0,44.5,44.5099983215332,0.11734572717712116
1138,2018-07-11 00:00:00+00:00,36.85567092895508,44.790000915527344,45.0,44.63999938964844,44.9900016784668,0.07277322534981048
1139,2018-07-12 00:00:00+00:00,36.75693893432617,44.66999816894531,44.959999084472656,44.4900016784668,44.83000183105469,0.05143147045308053
1140,2018-07-13 00:00:00+00:00,36.81454849243164,44.7400016784668,44.779998779296875,44.470001220703125,44.70000076293945,0.03993252057844792
1141,2018-07-16 00:00:00+00:00,36.80630874633789,44.72999954223633,44.79999923706055,44.529998779296875,44.72999954223633,0.04371821481771613
1142,2018-07-17 00:00:00+00:00,37.234188079833984,45.25,45.38999938964844,44.68000030517578,44.75,0.13255172754104128
1143,2018-07-18 00:00:00+00:00,37.127220153808594,45.119998931884766,45.290000915527344,44.84000015258789,45.189998626708984,0.06716022044922546
1144,2018-07-19 00:00:00+00:00,37.118995666503906,45.11000061035156,45.43000030517578,44.91999816894531,44.9900016784668,0.10950294065943558
1145,2018-07-20 00:00:00+00:00,37.25887680053711,45.279998779296875,45.279998779296875,44.900001525878906,45.02000045776367,0.08623210083670785
1146,2018-07-23 00:00:00+00:00,36.98733901977539,44.95000076293945,45.36000061035156,44.77000045776367,45.279998779296875,0.09343802718298089
1147,2018-07-24 00:00:00+00:00,37.242427825927734,45.2599983215332,45.27000045776367,44.61000061035156,44.779998779296875,0.16638241834157297
1148,2018-07-25 00:00:00+00:00,37.92538833618164,46.09000015258789,46.58000183105469,45.75,46.0,0.28272119711207816
1149,2018-07-26 00:00:00+00:00,38.04881286621094,46.2400016784668,46.59000015258789,46.20000076293945,46.36000061035156,0.14921957643401484
1150,2018-07-27 00:00:00+00:00,38.024131774902344,46.209999084472656,46.5,46.060001373291016,46.31999969482422,0.11597023256961517
1151,2018-07-30 00:00:00+00:00,38.040584564208984,46.22999954223633,46.439998626708984,46.04999923706055,46.099998474121094,0.09208412105586175
1152,2018-07-31 00:00:00+00:00,38.369728088378906,46.630001068115234,46.66999816894531,46.310001373291016,46.400001525878906,0.14560659003784154
1153,2018-08-01 00:00:00+00:00,38.1722412109375,46.38999938964844,46.4900016784668,46.16999816894531,46.45000076293945,0.10652064629742142
1154,2018-08-02 00:00:00+00:00,37.99945068359375,46.18000030517578,46.630001068115234,46.18000030517578,46.47999954223633,0.13898972079926725
1155,2018-08-03 00:00:00+00:00,38.36150360107422,46.619998931884766,46.7599983215332,46.13999938964844,46.22999954223633,0.13055633513956955
1156,2018-08-06 00:00:00+00:00,38.38619613647461,46.650001525878906,46.869998931884766,46.54999923706055,46.599998474121094,0.10886453845370969
1157,2018-08-07 00:00:00+00:00,38.262760162353516,46.5,46.61000061035156,46.130001068115234,46.52000045776367,0.08691830610614748
1158,2018-08-08 00:00:00+00:00,37.97476577758789,46.150001525878906,46.560001373291016,46.119998931884766,46.4900016784668,0.05880856260813517
1159,2018-08-09 00:00:00+00:00,38.13933563232422,46.349998474121094,46.41999816894531,46.08000183105469,46.25,0.09140871002661552
1160,2018-08-10 00:00:00+00:00,37.917171478271484,46.08000183105469,46.41999816894531,45.970001220703125,46.209999084472656,0.06999447951715823
1161,2018-08-13 00:00:00+00:00,37.71145248413086,45.83000183105469,46.130001068115234,45.70000076293945,46.04999923706055,0.07937004814231127
1162,2018-08-14 00:00:00+00:00,37.76081466674805,45.88999938964844,46.099998474121094,45.869998931884766,45.90999984741211,0.059365236995253624
1163,2018-08-15 00:00:00+00:00,37.917171478271484,46.08000183105469,46.150001525878906,45.650001525878906,45.77000045776367,0.10316363759726382
1164,2018-08-16 00:00:00+00:00,38.0323600769043,46.220001220703125,46.380001068115234,45.970001220703125,46.11000061035156,0.1172624573242004
1165,2018-08-17 00:00:00+00:00,38.34504699707031,46.599998474121094,46.72999954223633,46.2400016784668,46.290000915527344,0.09081656885029007
1166,2018-08-20 00:00:00+00:00,38.45200729370117,46.72999954223633,46.869998931884766,46.59000015258789,46.68000030517578,0.05236285917834244
1167,2018-08-21 00:00:00+00:00,38.0323600769043,46.220001220703125,46.75,46.209999084472656,46.72999954223633,0.16946957103689475
1168,2018-08-22 00:00:00+00:00,37.79374313354492,45.93000030517578,46.380001068115234,45.91999816894531,46.34000015258789,0.06419180439603142
1169,2018-08-23 00:00:00+00:00,37.604488372802734,45.70000076293945,46.08000183105469,45.689998626708984,45.88999938964844,0.15649489432438854
1170,2018-08-24 00:00:00+00:00,37.54688262939453,45.630001068115234,45.79999923706055,45.58000183105469,45.650001525878906,0.12269350217581043
1171,2018-08-27 00:00:00+00:00,37.59624481201172,45.689998626708984,46.04999923706055,45.560001373291016,46.04999923706055,0.10154141749962223
1172,2018-08-28 00:00:00+00:00,37.332942962646484,45.369998931884766,45.72999954223633,45.279998779296875,45.650001525878906,0.08451119054301198
1173,2018-08-29 00:00:00+00:00,37.300025939941406,45.33000183105469,45.41999816894531,45.220001220703125,45.25,0.1451763624644176
1174,2018-08-30 00:00:00+00:00,36.98733901977539,44.95000076293945,45.31999969482422,44.88999938964844,45.279998779296875,0.10362778992558144
1175,2018-08-31 00:00:00+00:00,36.67464828491211,44.56999969482422,45.06999969482422,44.38999938964844,45.0,0.2596446536128322
1176,2018-09-04 00:00:00+00:00,36.83099365234375,44.7599983215332,44.900001525878906,44.5099983215332,44.599998474121094,0.12555551786138347
1177,2018-09-05 00:00:00+00:00,37.34116744995117,45.380001068115234,45.41999816894531,44.65999984741211,44.65999984741211,0.11655620560868724
1178,2018-09-06 00:00:00+00:00,37.66208267211914,45.77000045776367,46.0,45.29999923706055,45.400001525878906,0.13019549911024622
1179,2018-09-07 00:00:00+00:00,37.620941162109375,45.720001220703125,45.81999969482422,45.279998779296875,45.599998474121094,0.11120843060999797
1180,2018-09-10 00:00:00+00:00,37.90071105957031,46.060001373291016,46.310001373291016,45.79999923706055,45.90999984741211,0.08593140414560507
1181,2018-09-11 00:00:00+00:00,37.8677864074707,46.02000045776367,46.150001525878906,45.880001068115234,46.099998474121094,0.09687059556449251
1182,2018-09-12 00:00:00+00:00,38.04881286621094,46.2400016784668,46.29999923706055,46.02000045776367,46.15999984741211,0.15759744885843202
1183,2018-09-13 00:00:00+00:00,38.03221893310547,45.83000183105469,46.119998931884766,45.709999084472656,46.0099983215332,0.08170468809271947
1184,2018-09-14 00:00:00+00:00,38.165008544921875,45.9900016784668,46.029998779296875,45.61000061035156,45.91999816894531,0.07118955611000258
1185,2018-09-17 00:00:00+00:00,38.43885803222656,46.31999969482422,46.33000183105469,45.90999984741211,46.0,0.08528991787125248
1186,2018-09-18 00:00:00+00:00,38.115211486816406,45.93000030517578,46.529998779296875,45.93000030517578,46.38999938964844,0.10564631284175338
1187,2018-09-19 00:00:00+00:00,38.14010238647461,45.959999084472656,46.11000061035156,45.869998931884766,46.0,0.06357344863637907
1188,2018-09-20 00:00:00+00:00,38.70439910888672,46.63999938964844,46.68000030517578,46.150001525878906,46.220001220703125,0.10393928085687765
1189,2018-09-21 00:00:00+00:00,38.65462112426758,46.58000183105469,46.689998626708984,46.380001068115234,46.63999938964844,0.2504880538601745
1190,2018-09-24 00:00:00+00:00,38.231380462646484,46.06999969482422,46.529998779296875,45.84000015258789,46.4900016784668,0.12001036247058572
1191,2018-09-25 00:00:00+00:00,37.90774154663086,45.68000030517578,46.18000030517578,45.61000061035156,46.060001373291016,0.07591126517747274
1192,2018-09-26 00:00:00+00:00,38.04880905151367,45.849998474121094,46.06999969482422,45.56999969482422,45.77000045776367,0.11050680499742482
1193,2018-09-27 00:00:00+00:00,38.18159103393555,46.0099983215332,46.18000030517578,45.68000030517578,45.72999954223633,0.12075053894099252
1194,2018-09-28 00:00:00+00:00,38.330970764160156,46.189998626708984,46.189998626708984,45.970001220703125,46.0,0.09368783674174319
1195,2018-10-01 00:00:00+00:00,38.36416244506836,46.22999954223633,46.349998474121094,46.04999923706055,46.16999816894531,0.09820291321122479
1196,2018-10-02 00:00:00+00:00,38.59652328491211,46.5099983215332,46.560001373291016,46.060001373291016,46.279998779296875,0.06887342057135457
1197,2018-10-03 00:00:00+00:00,38.06541061401367,45.869998931884766,46.54999923706055,45.79999923706055,46.459999084472656,0.11636190928520543
1198,2018-10-04 00:00:00+00:00,38.04880905151367,45.849998474121094,45.900001525878906,45.43000030517578,45.65999984741211,0.10155837987706903
1199,2018-10-05 00:00:00+00:00,38.07371139526367,45.880001068115234,46.15999984741211,45.689998626708984,45.939998626708984,0.0884788448312552
1200,2018-10-08 00:00:00+00:00,38.57162094116211,46.47999954223633,46.58000183105469,45.970001220703125,45.9900016784668,0.10504029335660778
1201,2018-10-09 00:00:00+00:00,38.49693298339844,46.38999938964844,46.54999923706055,46.220001220703125,46.380001068115234,0.12071353011747218
1202,2018-10-10 00:00:00+00:00,37.90774154663086,45.68000030517578,46.70000076293945,45.66999816894531,46.29999923706055,0.16840094125774488
1203,2018-10-11 00:00:00+00:00,37.044700622558594,44.63999938964844,45.970001220703125,44.5,45.79999923706055,0.22639530974843255
1204,2018-10-12 00:00:00+00:00,37.07788848876953,44.68000030517578,44.880001068115234,44.25,44.47999954223633,0.14531822962124555
1205,2018-10-15 00:00:00+00:00,37.26875686645508,44.90999984741211,45.27000045776367,44.59000015258789,44.63999938964844,0.1328030791341169
1206,2018-10-16 00:00:00+00:00,37.75006866455078,45.4900016784668,45.599998474121094,44.86000061035156,45.02000045776367,0.11482295904048459
1207,2018-10-17 00:00:00+00:00,38.05711364746094,45.86000061035156,45.9900016784668,45.36000061035156,45.40999984741211,0.12428025548424507
1208,2018-10-18 00:00:00+00:00,37.84965133666992,45.61000061035156,46.08000183105469,45.459999084472656,45.900001525878906,0.14989498746326105
1209,2018-10-19 00:00:00+00:00,38.447139739990234,46.33000183105469,46.4900016784668,45.83000183105469,45.83000183105469,0.16951429003198182
1210,2018-10-22 00:00:00+00:00,38.148399353027344,45.970001220703125,46.459999084472656,45.810001373291016,46.369998931884766,0.17405403905047698
1211,2018-10-23 00:00:00+00:00,38.47205352783203,46.36000061035156,46.459999084472656,45.45000076293945,45.619998931884766,0.2234037631805383
1212,2018-10-24 00:00:00+00:00,38.779083251953125,46.72999954223633,47.38999938964844,46.2400016784668,46.33000183105469,0.2872763664737068
1213,2018-10-25 00:00:00+00:00,38.59652328491211,46.5099983215332,46.7400016784668,46.119998931884766,46.650001525878906,0.17307638929581465
1214,2018-10-26 00:00:00+00:00,38.106903076171875,45.91999816894531,46.47999954223633,45.43000030517578,46.369998931884766,0.2846857488272829
1215,2018-10-29 00:00:00+00:00,38.55502700805664,46.459999084472656,46.560001373291016,46.04999923706055,46.150001525878906,0.27657773240770156
1216,2018-10-30 00:00:00+00:00,39.525962829589844,47.630001068115234,47.7400016784668,46.040000915527344,46.619998931884766,0.2760102637803896
1217,2018-10-31 00:00:00+00:00,39.73342514038086,47.880001068115234,48.08000183105469,47.220001220703125,47.5,0.3440756583715501
1218,2018-11-01 00:00:00+00:00,39.617244720458984,47.7400016784668,48.150001525878906,47.29999923706055,47.810001373291016,0.20814687568427773
1219,2018-11-02 00:00:00+00:00,39.833011627197266,48.0,48.0,47.439998626708984,47.81999969482422,0.22496121783701936
1220,2018-11-05 00:00:00+00:00,40.405609130859375,48.689998626708984,48.779998779296875,47.91999816894531,48.0,0.20890247249781804
1221,2018-11-06 00:00:00+00:00,40.75413513183594,49.11000061035156,49.130001068115234,48.599998474121094,48.650001525878906,0.17543878586386308
1222,2018-11-07 00:00:00+00:00,40.96989822387695,49.369998931884766,49.54999923706055,49.029998779296875,49.38999938964844,0.1425363997199666
1223,2018-11-08 00:00:00+00:00,40.93672180175781,49.33000183105469,49.369998931884766,49.099998474121094,49.119998931884766,0.10434175181266137
1224,2018-11-09 00:00:00+00:00,41.227169036865234,49.68000030517578,49.88999938964844,49.36000061035156,49.38999938964844,0.14497898207230908
1225,2018-11-12 00:00:00+00:00,41.38482666015625,49.869998931884766,50.2400016784668,49.540000915527344,49.61000061035156,0.16842098770381841
1226,2018-11-13 00:00:00+00:00,41.37653350830078,49.86000061035156,50.0,49.58000183105469,49.810001373291016,0.16772090412555862
1227,2018-11-14 00:00:00+00:00,41.29354476928711,49.7599983215332,49.939998626708984,49.59000015258789,49.849998474121094,0.14048703611752772
1228,2018-11-15 00:00:00+00:00,41.27695846557617,49.7400016784668,49.75,49.27000045776367,49.65999984741211,0.14007531295586392
1229,2018-11-16 00:00:00+00:00,41.633785247802734,50.16999816894531,50.25,49.630001068115234,49.65999984741211,0.16051806184791226
1230,2018-11-19 00:00:00+00:00,41.91593933105469,50.5099983215332,50.7599983215332,50.25,50.310001373291016,0.16313952018060307
1231,2018-11-20 00:00:00+00:00,40.97819519042969,49.380001068115234,50.84000015258789,49.209999084472656,50.81999969482422,0.20445832960675045
1232,2018-11-21 00:00:00+00:00,40.43880081176758,48.72999954223633,49.439998626708984,48.59000015258789,49.22999954223633,0.1628835424845874
1233,2018-11-23 00:00:00+00:00,40.67945861816406,49.02000045776367,49.22999954223633,48.54999923706055,48.75,0.02769802033634853
1234,2018-11-26 00:00:00+00:00,40.55497360229492,48.869998931884766,49.22999954223633,48.66999816894531,49.0099983215332,0.09785132938778154
1235,2018-11-27 00:00:00+00:00,40.96989822387695,49.369998931884766,49.40999984741211,48.72999954223633,48.880001068115234,0.09536557007466531
1236,2018-11-28 00:00:00+00:00,41.25205993652344,49.709999084472656,49.720001220703125,49.209999084472656,49.209999084472656,0.12910528085070952
1237,2018-11-29 00:00:00+00:00,40.96768569946289,48.97999954223633,49.43000030517578,48.970001220703125,49.279998779296875,0.1321214999676173
1238,2018-11-30 00:00:00+00:00,42.1553840637207,50.400001525878906,50.4900016784668,48.9900016784668,49.0,0.3476038328804893
1239,2018-12-03 00:00:00+00:00,41.56153106689453,49.689998626708984,49.959999084472656,48.88999938964844,49.869998931884766,0.18320755473450798
1240,2018-12-04 00:00:00+00:00,41.46952438354492,49.58000183105469,50.5099983215332,49.5,49.970001220703125,0.24770622395889555
1241,2018-12-06 00:00:00+00:00,41.302242279052734,49.380001068115234,49.630001068115234,48.65999984741211,49.5099983215332,0.22634904871903214
1242,2018-12-07 00:00:00+00:00,41.05968475341797,49.09000015258789,49.68000030517578,48.880001068115234,49.56999969482422,0.19382446098190578
1243,2018-12-10 00:00:00+00:00,41.185150146484375,49.2400016784668,49.45000076293945,48.470001220703125,49.45000076293945,0.14394581908236626
1244,2018-12-11 00:00:00+00:00,41.436073303222656,49.540000915527344,50.0099983215332,49.18000030517578,49.59000015258789,0.2326513429576835
1245,2018-12-12 00:00:00+00:00,41.16841125488281,49.220001220703125,50.02000045776367,49.189998626708984,49.95000076293945,0.1437268502098709
1246,2018-12-13 00:00:00+00:00,41.37752151489258,49.470001220703125,49.61000061035156,48.56999969482422,48.720001220703125,0.1660755535132168
1247,2018-12-14 00:00:00+00:00,41.26877975463867,49.34000015258789,49.52000045776367,49.02000045776367,49.22999954223633,0.16715035142962004
1248,2018-12-17 00:00:00+00:00,40.42401123046875,48.33000183105469,49.529998779296875,48.02000045776367,49.34000015258789,0.23880560190225356
1249,2018-12-18 00:00:00+00:00,40.4156379699707,48.31999969482422,48.83000183105469,47.849998474121094,48.61000061035156,0.18148818647512546
1250,2018-12-19 00:00:00+00:00,40.06435012817383,47.900001525878906,48.7599983215332,47.619998931884766,48.2400016784668,0.22987876526228465
1251,2018-12-20 00:00:00+00:00,39.76323699951172,47.540000915527344,48.130001068115234,47.099998474121094,47.810001373291016,0.279627876279503
1252,2018-12-21 00:00:00+00:00,39.78832244873047,47.56999969482422,48.75,47.22999954223633,47.2599983215332,0.45461330405524186
1253,2018-12-24 00:00:00+00:00,38.44169616699219,45.959999084472656,47.869998931884766,45.83000183105469,47.619998931884766,0.11931336296095263
1254,2018-12-26 00:00:00+00:00,39.26137924194336,46.939998626708984,46.959999084472656,45.65999984741211,45.880001068115234,0.17496383929535203
1255,2018-12-27 00:00:00+00:00,39.7548713684082,47.529998779296875,47.54999923706055,46.029998779296875,46.7400016784668,0.21542527764327815
1256,2018-12-28 00:00:00+00:00,39.478851318359375,47.20000076293945,48.0099983215332,47.029998779296875,47.88999938964844,0.15762520547607228
1257,2018-12-31 00:00:00+00:00,39.604312896728516,47.349998474121094,47.540000915527344,46.959999084472656,47.4900016784668,0.1168862009517436
1258,2019-01-02 00:00:00+00:00,39.25302505493164,46.93000030517578,47.220001220703125,46.560001373291016,46.939998626708984,0.13272906148707622
1259,2019-01-03 00:00:00+00:00,39.010459899902344,46.63999938964844,47.369998931884766,46.529998779296875,46.81999969482422,0.18069712287237819
1260,2019-01-04 00:00:00+00:00,39.78832244873047,47.56999969482422,47.56999969482422,46.63999938964844,46.75,0.15447174530527655
1261,2019-01-07 00:00:00+00:00,39.269752502441406,46.95000076293945,47.75,46.900001525878906,47.56999969482422,0.15634994309893385
1262,2019-01-08 00:00:00+00:00,39.713050842285156,47.47999954223633,47.56999969482422,47.040000915527344,47.25,0.19158851122755186
1263,2019-01-09 00:00:00+00:00,38.95191192626953,46.56999969482422,47.279998779296875,46.43000030517578,47.08000183105469,0.23186336342356292
1264,2019-01-10 00:00:00+00:00,39.3701171875,47.06999969482422,47.09000015258789,46.34000015258789,46.65999984741211,0.20016067997545084
1265,2019-01-11 00:00:00+00:00,39.59595489501953,47.34000015258789,47.36000061035156,46.970001220703125,47.290000915527344,0.12478604273902305
1266,2019-01-14 00:00:00+00:00,39.437034606933594,47.150001525878906,47.400001525878906,46.9900016784668,47.25,0.13135048281094353
1267,2019-01-15 00:00:00+00:00,39.78832244873047,47.56999969482422,47.599998474121094,46.810001373291016,46.88999938964844,0.12870743599786585
1268,2019-01-16 00:00:00+00:00,39.244651794433594,46.91999816894531,47.470001220703125,46.86000061035156,47.400001525878906,0.21452010350134312
1269,2019-01-17 00:00:00+00:00,39.361759185791016,47.060001373291016,47.13999938964844,46.880001068115234,46.91999816894531,0.13952789077462555
1270,2019-01-18 00:00:00+00:00,39.8217887878418,47.61000061035156,47.689998626708984,47.119998931884766,47.25,0.15057039849250728
1271,2019-01-22 00:00:00+00:00,39.913795471191406,47.720001220703125,47.790000915527344,47.209999084472656,47.70000076293945,0.1342202086680833
1272,2019-01-23 00:00:00+00:00,40.37382125854492,48.27000045776367,48.290000915527344,47.650001525878906,47.81999969482422,0.13973914947555416
1273,2019-01-24 00:00:00+00:00,39.888694763183594,47.689998626708984,48.11000061035156,47.380001068115234,48.11000061035156,0.11219379053622702
1274,2019-01-25 00:00:00+00:00,39.62104415893555,47.369998931884766,48.029998779296875,47.2400016784668,47.880001068115234,0.13986559628924866
1275,2019-01-28 00:00:00+00:00,39.45376205444336,47.16999816894531,47.29999923706055,46.939998626708984,47.220001220703125,0.1074890438462037
1276,2019-01-29 00:00:00+00:00,39.646141052246094,47.400001525878906,47.630001068115234,47.130001068115234,47.20000076293945,0.13881855499048568
1277,2019-01-30 00:00:00+00:00,40.030887603759766,47.86000061035156,47.88999938964844,47.189998626708984,47.25,0.15352802030550786
1278,2019-01-31 00:00:00+00:00,40.25672149658203,48.130001068115234,48.779998779296875,47.470001220703125,47.849998474121094,0.45004579841910647
1279,2019-02-01 00:00:00+00:00,40.73347854614258,48.70000076293945,48.779998779296875,48.400001525878906,48.47999954223633,0.24878873204686555
1280,2019-02-04 00:00:00+00:00,41.19350814819336,49.25,49.45000076293945,48.540000915527344,48.70000076293945,0.18673110314050712
1281,2019-02-05 00:00:00+00:00,41.201873779296875,49.2599983215332,49.470001220703125,49.099998474121094,49.33000183105469,0.14889266515958516
1282,2019-02-06 00:00:00+00:00,41.201873779296875,49.2599983215332,49.36000061035156,49.02000045776367,49.209999084472656,0.08778492939024882
1283,2019-02-07 00:00:00+00:00,41.33570098876953,49.41999816894531,49.459999084472656,49.0,49.16999816894531,0.10873654960570184
1284,2019-02-08 00:00:00+00:00,41.40261459350586,49.5,49.5,49.11000061035156,49.369998931884766,0.10512047914090186
1285,2019-02-11 00:00:00+00:00,41.49462127685547,49.61000061035156,49.880001068115234,49.47999954223633,49.56999969482422,0.09827384678963877
1286,2019-02-12 00:00:00+00:00,41.53644561767578,49.65999984741211,49.79999923706055,49.459999084472656,49.689998626708984,0.12316228060706808
1287,2019-02-13 00:00:00+00:00,41.64517593383789,49.790000915527344,49.939998626708984,49.560001373291016,49.61000061035156,0.15038689640921893
1288,2019-02-14 00:00:00+00:00,38.13221740722656,45.59000015258789,46.959999084472656,45.5,46.70000076293945,0.8621375062837899
1289,2019-02-15 00:00:00+00:00,37.839481353759766,45.2400016784668,46.2599983215332,45.20000076293945,45.900001525878906,0.5043269482832533
1290,2019-02-19 00:00:00+00:00,37.496551513671875,44.83000183105469,45.59000015258789,44.77000045776367,45.31999969482422,0.34718902565019877
1291,2019-02-20 00:00:00+00:00,37.722381591796875,45.099998474121094,45.2400016784668,44.79999923706055,44.90999984741211,0.3773003296869362
1292,2019-02-21 00:00:00+00:00,38.358055114746094,45.86000061035156,45.90999984741211,44.959999084472656,45.0,0.3103328635268792
1293,2019-02-22 00:00:00+00:00,37.8729362487793,45.279998779296875,45.95000076293945,45.20000076293945,45.7599983215332,0.3351164390110009
1294,2019-02-25 00:00:00+00:00,37.58855056762695,44.939998626708984,45.56999969482422,44.84000015258789,45.439998626708984,0.32040543166166535
1295,2019-02-26 00:00:00+00:00,37.37944412231445,44.689998626708984,45.13999938964844,44.65999984741211,45.099998474121094,0.26934559147810155
1296,2019-02-27 00:00:00+00:00,37.58855056762695,44.939998626708984,45.02000045776367,44.41999816894531,44.599998474121094,0.22870219308120046
1297,2019-02-28 00:00:00+00:00,37.923118591308594,45.34000015258789,45.61000061035156,45.11000061035156,45.119998931884766,0.3012764960045891
1298,2019-03-01 00:00:00+00:00,37.95656967163086,45.380001068115234,45.63999938964844,45.20000076293945,45.470001220703125,0.20501808806249558
1299,2019-03-04 00:00:00+00:00,38.18241500854492,45.650001525878906,45.66999816894531,45.29999923706055,45.529998779296875,0.20011750301467712
1300,2019-03-05 00:00:00+00:00,38.140586853027344,45.599998474121094,45.70000076293945,45.400001525878906,45.650001525878906,0.15522117398156346
1301,2019-03-06 00:00:00+00:00,38.01512145996094,45.45000076293945,45.790000915527344,45.439998626708984,45.66999816894531,0.173259891379103
1302,2019-03-07 00:00:00+00:00,37.8729362487793,45.279998779296875,45.529998779296875,45.130001068115234,45.4900016784668,0.14013545229408447
1303,2019-03-08 00:00:00+00:00,37.50491714477539,44.84000015258789,45.25,44.61000061035156,45.150001525878906,0.19403109357989437
1304,2019-03-11 00:00:00+00:00,38.62570571899414,46.18000030517578,46.2400016784668,45.099998474121094,45.13999938964844,0.2950004163492646
1305,2019-03-12 00:00:00+00:00,38.516971588134766,46.04999923706055,46.25,45.900001525878906,45.95000076293945,0.2521565349872165
1306,2019-03-13 00:00:00+00:00,38.65916442871094,46.220001220703125,46.34000015258789,45.90999984741211,46.130001068115234,0.20395254235197244
1307,2019-03-14 00:00:00+00:00,38.557918548583984,45.70000076293945,46.11000061035156,45.630001068115234,45.84000015258789,0.23913559724530994
1308,2019-03-15 00:00:00+00:00,38.220428466796875,45.29999923706055,45.900001525878906,45.13999938964844,45.720001220703125,0.6824766304699813
1309,2019-03-18 00:00:00+00:00,38.313232421875,45.40999984741211,45.68000030517578,45.36000061035156,45.43000030517578,0.32398295126863164
1310,2019-03-19 00:00:00+00:00,38.43980026245117,45.560001373291016,45.689998626708984,45.34000015258789,45.54999923706055,0.18490070841056358
1311,2019-03-20 00:00:00+00:00,38.414485931396484,45.529998779296875,45.900001525878906,45.18000030517578,45.400001525878906,0.16006007765684804
1312,2019-03-21 00:00:00+00:00,38.397613525390625,45.5099983215332,45.7599983215332,45.439998626708984,45.529998779296875,0.2628659632934152
1313,2019-03-22 00:00:00+00:00,38.75197982788086,45.93000030517578,46.11000061035156,45.459999084472656,45.459999084472656,0.24764454258636168
1314,2019-03-25 00:00:00+00:00,38.83633804321289,46.029998779296875,46.20000076293945,45.790000915527344,45.86000061035156,0.13372367361918538
1315,2019-03-26 00:00:00+00:00,39.351016998291016,46.63999938964844,46.790000915527344,46.16999816894531,46.16999816894531,0.1301261075661456
1316,2019-03-27 00:00:00+00:00,39.325706481933594,46.61000061035156,46.90999984741211,46.33000183105469,46.650001525878906,0.13180229886475436
1317,2019-03-28 00:00:00+00:00,39.30039596557617,46.58000183105469,46.91999816894531,46.47999954223633,46.68000030517578,0.125287203890861
1318,2019-03-29 00:00:00+00:00,39.53664016723633,46.86000061035156,46.90999984741211,46.47999954223633,46.66999816894531,0.20122468365166063
1319,2019-04-01 00:00:00+00:00,39.41851043701172,46.720001220703125,47.16999816894531,46.59000015258789,46.9900016784668,0.13148001369326473
1320,2019-04-02 00:00:00+00:00,39.291954040527344,46.56999969482422,46.93000030517578,46.56999969482422,46.75,0.08479184078804122
1321,2019-04-03 00:00:00+00:00,38.96290588378906,46.18000030517578,46.59000015258789,46.040000915527344,46.41999816894531,0.15201682667842728
1322,2019-04-04 00:00:00+00:00,39.21601867675781,46.47999954223633,46.540000915527344,46.11000061035156,46.34000015258789,0.0743044654229646
1323,2019-04-05 00:00:00+00:00,39.207584381103516,46.470001220703125,46.58000183105469,46.20000076293945,46.4900016784668,0.07218725231073841
1324,2019-04-08 00:00:00+00:00,39.27507781982422,46.54999923706055,46.56999969482422,46.27000045776367,46.540000915527344,0.0990757046325795
1325,2019-04-09 00:00:00+00:00,39.37632751464844,46.66999816894531,46.720001220703125,46.27000045776367,46.45000076293945,0.08705554716003541
1326,2019-04-10 00:00:00+00:00,39.351016998291016,46.63999938964844,47.0,46.560001373291016,46.84000015258789,0.07808244949066609
1327,2019-04-11 00:00:00+00:00,39.41006851196289,46.709999084472656,46.75,46.540000915527344,46.720001220703125,0.06717255672373224
1328,2019-04-12 00:00:00+00:00,39.43537902832031,46.7400016784668,46.93000030517578,46.56999969482422,46.66999816894531,0.11863949396601975
1329,2019-04-15 00:00:00+00:00,39.654762268066406,47.0,47.040000915527344,46.70000076293945,46.880001068115234,0.11202879286469886
1330,2019-04-16 00:00:00+00:00,39.612571716308594,46.95000076293945,47.099998474121094,46.70000076293945,47.04999923706055,0.12040666528911603
1331,2019-04-17 00:00:00+00:00,39.8909912109375,47.279998779296875,47.54999923706055,47.150001525878906,47.20000076293945,0.1365162977606578
1332,2019-04-18 00:00:00+00:00,40.059730529785156,47.47999954223633,47.58000183105469,47.27000045776367,47.33000183105469,0.14141534077416293
1333,2019-04-22 00:00:00+00:00,39.99223709106445,47.400001525878906,47.61000061035156,47.02000045776367,47.400001525878906,0.10545047448395822
1334,2019-04-23 00:00:00+00:00,40.67565155029297,48.209999084472656,48.720001220703125,47.54999923706055,48.09000015258789,0.34435939268520604
1335,2019-04-24 00:00:00+00:00,40.481597900390625,47.97999954223633,48.22999954223633,47.91999816894531,48.029998779296875,0.20047988107831377
1336,2019-04-25 00:00:00+00:00,40.36347579956055,47.84000015258789,47.88999938964844,47.470001220703125,47.7400016784668,0.1302726008259136
1337,2019-04-26 00:00:00+00:00,40.71784210205078,48.2599983215332,48.45000076293945,47.97999954223633,47.9900016784668,0.11037881614941697
1338,2019-04-29 00:00:00+00:00,40.85282516479492,48.41999816894531,48.45000076293945,48.11000061035156,48.16999816894531,0.10385909507258356
1339,2019-04-30 00:00:00+00:00,41.392799377441406,49.060001373291016,49.18000030517578,48.38999938964844,48.529998779296875,0.23001909038479926
1340,2019-05-01 00:00:00+00:00,40.99626159667969,48.59000015258789,49.08000183105469,48.54999923706055,48.95000076293945,0.11649915033909336
1341,2019-05-02 00:00:00+00:00,40.827510833740234,48.38999938964844,48.77000045776367,48.27000045776367,48.529998779296875,0.0883323515714872
1342,2019-05-03 00:00:00+00:00,41.105953216552734,48.720001220703125,48.959999084472656,48.52000045776367,48.599998474121094,0.06292425219045975
1343,2019-05-06 00:00:00+00:00,40.89501953125,48.470001220703125,48.61000061035156,48.2599983215332,48.33000183105469,0.08730227265017104
1344,2019-05-07 00:00:00+00:00,40.49846649169922,48.0,48.290000915527344,47.77000045776367,48.22999954223633,0.1463575607484418
1345,2019-05-08 00:00:00+00:00,40.37191390991211,47.849998474121094,48.22999954223633,47.81999969482422,48.04999923706055,0.09691839862820628
1346,2019-05-09 00:00:00+00:00,39.99223709106445,47.400001525878906,47.97999954223633,47.06999969482422,47.79999923706055,0.1303666649190278
1347,2019-05-10 00:00:00+00:00,40.65877914428711,48.189998626708984,48.29999923706055,47.400001525878906,47.40999984741211,0.10266093441111254
1348,2019-05-13 00:00:00+00:00,40.540645599365234,48.04999923706055,48.130001068115234,47.72999954223633,47.90999984741211,0.13747544310355997
1349,2019-05-14 00:00:00+00:00,41.08064651489258,48.689998626708984,49.31999969482422,48.349998474121094,48.529998779296875,0.21353936967805412
1350,2019-05-15 00:00:00+00:00,41.49406051635742,49.18000030517578,49.380001068115234,48.599998474121094,48.66999816894531,0.1299348953112905
1351,2019-05-16 00:00:00+00:00,41.8315544128418,49.58000183105469,49.65999984741211,49.209999084472656,49.27000045776367,0.22783556979709915
1352,2019-05-17 00:00:00+00:00,41.51092529296875,49.20000076293945,49.54999923706055,49.16999816894531,49.27000045776367,0.1273828285227003
1353,2019-05-20 00:00:00+00:00,41.21562957763672,48.849998474121094,49.13999938964844,48.7599983215332,49.040000915527344,0.16737548843936878
1354,2019-05-21 00:00:00+00:00,41.004695892333984,48.599998474121094,49.029998779296875,48.45000076293945,49.0,0.11705736676052517
1355,2019-05-22 00:00:00+00:00,41.89060974121094,49.650001525878906,49.709999084472656,48.720001220703125,48.779998779296875,0.20129870129870134
1356,2019-05-23 00:00:00+00:00,42.059356689453125,49.849998474121094,49.900001525878906,49.459999084472656,49.5,0.14191495989168754
1357,2019-05-24 00:00:00+00:00,41.85686111450195,49.61000061035156,49.88999938964844,49.529998779296875,49.81999969482422,0.06000518123529285
1358,2019-05-28 00:00:00+00:00,41.42656326293945,49.099998474121094,49.66999816894531,49.029998779296875,49.599998474121094,0.2408302929556789
1359,2019-05-29 00:00:00+00:00,41.01313781738281,48.61000061035156,49.029998779296875,48.40999984741211,48.7400016784668,0.14708385891002848
1360,2019-05-30 00:00:00+00:00,41.553123474121094,49.25,49.310001373291016,48.66999816894531,48.720001220703125,0.09392376799168536
1361,2019-05-31 00:00:00+00:00,41.45187759399414,49.130001068115234,49.310001373291016,48.779998779296875,49.0,0.12910373881639617
1362,2019-06-03 00:00:00+00:00,42.16902542114258,49.97999954223633,49.97999954223633,49.02000045776367,49.15999984741211,0.17225911110974043
1363,2019-06-04 00:00:00+00:00,42.18589782714844,50.0,50.279998779296875,49.619998931884766,50.0,0.13900359910808738
1364,2019-06-05 00:00:00+00:00,42.84400939941406,50.779998779296875,51.13999938964844,49.689998626708984,50.0099983215332,0.19801725227989775
1365,2019-06-06 00:00:00+00:00,43.36711120605469,51.400001525878906,51.540000915527344,50.59000015258789,50.90999984741211,0.18803720620391248
1366,2019-06-07 00:00:00+00:00,43.443050384521484,51.4900016784668,52.189998626708984,51.45000076293945,51.470001220703125,0.18962858561528714
1367,2019-06-10 00:00:00+00:00,43.35023880004883,51.380001068115234,51.540000915527344,51.09000015258789,51.540000915527344,0.10395007509707108
1368,2019-06-11 00:00:00+00:00,43.30805206298828,51.33000183105469,51.59000015258789,51.18000030517578,51.45000076293945,0.10669798024345639
1369,2019-06-12 00:00:00+00:00,43.569602966308594,51.63999938964844,52.13999938964844,51.470001220703125,51.5,0.12477833256745632
1370,2019-06-13 00:00:00+00:00,43.47606658935547,51.130001068115234,51.70000076293945,50.779998779296875,51.459999084472656,0.11345209053591862
1371,2019-06-14 00:00:00+00:00,43.62912368774414,51.310001373291016,51.529998779296875,51.04999923706055,51.04999923706055,0.08786511517454287
1372,2019-06-17 00:00:00+00:00,43.25498580932617,50.869998931884766,51.47999954223633,50.61000061035156,51.25,0.143811662097105
1373,2019-06-18 00:00:00+00:00,43.05941390991211,50.63999938964844,51.29999923706055,50.529998779296875,51.25,0.09598855193725772
1374,2019-06-19 00:00:00+00:00,43.46756362915039,51.119998931884766,51.2400016784668,50.470001220703125,50.540000915527344,0.09896467816201848
1375,2019-06-20 00:00:00+00:00,43.926734924316406,51.65999984741211,51.790000915527344,51.349998474121094,51.5,0.11812445450536169
1376,2019-06-21 00:00:00+00:00,43.833194732666016,51.54999923706055,51.88999938964844,51.40999984741211,51.529998779296875,0.2817003703966421
1377,2019-06-24 00:00:00+00:00,44.147804260253906,51.91999816894531,52.20000076293945,51.70000076293945,51.7400016784668,0.12002732484803255
1378,2019-06-25 00:00:00+00:00,44.01176071166992,51.7599983215332,52.099998474121094,51.63999938964844,52.0,0.13143683673249099
1379,2019-06-26 00:00:00+00:00,43.46756362915039,51.119998931884766,51.63999938964844,51.09000015258789,51.52000045776367,0.14508692447424343
1380,2019-06-27 00:00:00+00:00,43.43355941772461,51.08000183105469,51.400001525878906,50.970001220703125,51.290000915527344,0.14462123011161246
1381,2019-06-28 00:00:00+00:00,43.297508239746094,50.91999816894531,51.400001525878906,50.52000045776367,51.27000045776367,0.20576289063584244
1382,2019-07-01 00:00:00+00:00,43.87571334838867,51.599998474121094,51.630001068115234,50.779998779296875,51.06999969482422,0.18473725277334874
1383,2019-07-02 00:00:00+00:00,44.19882583618164,51.97999954223633,52.04999923706055,51.54999923706055,51.779998779296875,0.0859360302485451
1384,2019-07-03 00:00:00+00:00,44.30086135864258,52.099998474121094,52.33000183105469,52.0,52.0,0.0656505688564582
1385,2019-07-05 00:00:00+00:00,44.30937576293945,52.11000061035156,52.119998931884766,51.47999954223633,51.88999938964844,0.09128843135017442
1386,2019-07-08 00:00:00+00:00,44.215843200683594,52.0,52.33000183105469,51.88999938964844,52.20000076293945,0.10021372595582997
1387,2019-07-09 00:00:00+00:00,43.867210388183594,51.59000015258789,51.970001220703125,51.43000030517578,51.720001220703125,0.11701881590269148
1388,2019-07-10 00:00:00+00:00,44.062782287597656,51.81999969482422,51.970001220703125,51.65999984741211,51.79999923706055,0.07131291885507038
1389,2019-07-11 00:00:00+00:00,44.249855041503906,52.040000915527344,52.060001373291016,51.65999984741211,51.9900016784668,0.11380521639367522
1390,2019-07-12 00:00:00+00:00,44.31787109375,52.119998931884766,52.290000915527344,51.90999984741211,52.25,0.06709545500806485
1391,2019-07-15 00:00:00+00:00,44.326377868652344,52.130001068115234,52.290000915527344,51.869998931884766,52.279998779296875,0.04440750415578248
1392,2019-07-16 00:00:00+00:00,44.33488464355469,52.13999938964844,52.470001220703125,51.810001373291016,51.959999084472656,0.06378162326868098
1393,2019-07-17 00:00:00+00:00,44.36888885498047,52.18000030517578,52.2599983215332,52.0099983215332,52.220001220703125,0.0812328255928351
1394,2019-07-18 00:00:00+00:00,44.24134063720703,52.029998779296875,52.16999816894531,51.66999816894531,52.040000915527344,0.1374800692065
1395,2019-07-19 00:00:00+00:00,43.697139739990234,51.38999938964844,52.150001525878906,51.369998931884766,52.13999938964844,0.11348138918787223
1396,2019-07-22 00:00:00+00:00,43.55259704589844,51.220001220703125,51.52000045776367,51.130001068115234,51.52000045776367,0.14023876859307877
1397,2019-07-23 00:00:00+00:00,46.197044372558594,54.33000183105469,54.63999938964844,52.7599983215332,53.25,0.4691115106693355
1398,2019-07-24 00:00:00+00:00,45.729366302490234,53.779998779296875,54.81999969482422,53.619998931884766,54.119998931884766,0.1948684182120421
1399,2019-07-25 00:00:00+00:00,45.12565994262695,53.06999969482422,53.79999923706055,52.720001220703125,53.630001068115234,0.24886429172821958
1400,2019-07-26 00:00:00+00:00,46.06099319458008,54.16999816894531,54.310001373291016,53.189998626708984,53.34000015258789,0.13038825339941468
1401,2019-07-29 00:00:00+00:00,45.907936096191406,53.9900016784668,54.29999923706055,53.900001525878906,54.16999816894531,0.1432179788864662
1402,2019-07-30 00:00:00+00:00,45.678367614746094,53.720001220703125,54.29999923706055,53.56999969482422,53.959999084472656,0.07911869654923562
1403,2019-07-31 00:00:00+00:00,44.75153350830078,52.630001068115234,53.5099983215332,52.040000915527344,53.5099983215332,0.21386782298679716
1404,2019-08-01 00:00:00+00:00,44.24134063720703,52.029998779296875,53.20000076293945,52.0099983215332,52.779998779296875,0.2549121503051686
1405,2019-08-02 00:00:00+00:00,44.496437072753906,52.33000183105469,52.72999954223633,51.90999984741211,51.90999984741211,0.15583798770690246
1406,2019-08-05 00:00:00+00:00,43.9182243347168,51.650001525878906,52.65999984741211,51.400001525878906,52.38999938964844,0.26199471390637386
1407,2019-08-06 00:00:00+00:00,44.44541549682617,52.27000045776367,52.7599983215332,51.61000061035156,51.869998931884766,0.260708657289042
1408,2019-08-07 00:00:00+00:00,45.21919631958008,53.18000030517578,53.38999938964844,51.77000045776367,52.27000045776367,0.230390720654316
1409,2019-08-08 00:00:00+00:00,45.652854919433594,53.689998626708984,53.779998779296875,52.849998474121094,53.209999084472656,0.12032031136756857
1410,2019-08-09 00:00:00+00:00,45.42326736450195,53.41999816894531,53.900001525878906,53.08000183105469,53.790000915527344,0.09660228159397005
1411,2019-08-12 00:00:00+00:00,45.23619842529297,53.20000076293945,53.439998626708984,52.9900016784668,53.279998779296875,0.055394498638383714
1412,2019-08-13 00:00:00+00:00,45.491294860839844,53.5,53.61000061035156,52.869998931884766,52.900001525878906,0.0861210743661468
1413,2019-08-14 00:00:00+00:00,45.057640075683594,52.9900016784668,53.970001220703125,52.970001220703125,53.34000015258789,0.21731272764281553
1414,2019-08-15 00:00:00+00:00,45.805904388427734,53.869998931884766,54.0,53.22999954223633,53.43000030517578,0.14490342239095508
1415,2019-08-16 00:00:00+00:00,46.26507568359375,54.40999984741211,54.4900016784668,53.95000076293945,53.97999954223633,0.1741326828004577
1416,2019-08-19 00:00:00+00:00,46.50315475463867,54.689998626708984,54.779998779296875,54.310001373291016,54.439998626708984,0.1224359824454814
1417,2019-08-20 00:00:00+00:00,45.81441116333008,53.880001068115234,54.68000030517578,53.84000015258789,54.619998931884766,0.07988354556865601
1418,2019-08-21 00:00:00+00:00,46.001468658447266,54.099998474121094,54.40999984741211,53.849998474121094,54.25,0.12166959139174766
1419,2019-08-22 00:00:00+00:00,46.33308792114258,54.4900016784668,54.63999938964844,54.099998474121094,54.119998931884766,0.06895360635564862
1420,2019-08-23 00:00:00+00:00,45.695369720458984,53.7400016784668,54.709999084472656,53.38999938964844,54.41999816894531,0.17215425277643281
1421,2019-08-26 00:00:00+00:00,46.3755989074707,54.540000915527344,54.540000915527344,53.72999954223633,54.0,0.09607798992743188
1422,2019-08-27 00:00:00+00:00,46.528663635253906,54.720001220703125,54.95000076293945,54.40999984741211,54.70000076293945,0.16254121086702425
1423,2019-08-28 00:00:00+00:00,46.86028289794922,55.11000061035156,55.150001525878906,54.41999816894531,54.65999984741211,0.10871496112531498
1424,2019-08-29 00:00:00+00:00,46.80926513671875,55.04999923706055,55.34000015258789,54.599998474121094,55.2599983215332,0.09663158024592364
1425,2019-08-30 00:00:00+00:00,46.80076217651367,55.040000915527344,55.220001220703125,54.810001373291016,55.15999984741211,0.08867314115473698
1426,2019-09-03 00:00:00+00:00,47.02184295654297,55.29999923706055,55.33000183105469,54.869998931884766,54.97999954223633,0.15412787165340006
1427,2019-09-04 00:00:00+00:00,47.421485900878906,55.77000045776367,55.91999816894531,55.29999923706055,55.349998474121094,0.1190728056080704
1428,2019-09-05 00:00:00+00:00,46.8687858581543,55.119998931884766,55.77000045776367,55.029998779296875,55.75,0.1647000589057108
1429,2019-09-06 00:00:00+00:00,46.962318420410156,55.22999954223633,55.439998626708984,54.7599983215332,55.439998626708984,0.09402091615342625
1430,2019-09-09 00:00:00+00:00,46.35859680175781,54.52000045776367,55.08000183105469,54.36000061035156,55.029998779296875,0.12056549482339082
1431,2019-09-10 00:00:00+00:00,46.25657272338867,54.400001525878906,54.439998626708984,53.849998474121094,54.22999954223633,0.1394292005785713
1432,2019-09-11 00:00:00+00:00,46.57117462158203,54.77000045776367,54.79999923706055,53.970001220703125,54.290000915527344,0.1039963361264715
1433,2019-09-12 00:00:00+00:00,46.86028289794922,55.11000061035156,55.310001373291016,54.97999954223633,55.099998474121094,0.14435908427834337
1434,2019-09-13 00:00:00+00:00,46.474853515625,54.2599983215332,54.790000915527344,54.06999969482422,54.47999954223633,0.13091562913457952
1435,2019-09-16 00:00:00+00:00,46.2178840637207,53.959999084472656,54.34000015258789,53.630001068115234,54.099998474121094,0.1260720993563549
1436,2019-09-17 00:00:00+00:00,46.45771026611328,54.2400016784668,54.70000076293945,53.959999084472656,54.099998474121094,0.12877682754196648
1437,2019-09-18 00:00:00+00:00,46.44915771484375,54.22999954223633,54.290000915527344,53.81999969482422,54.20000076293945,0.10337952240113249
1438,2019-09-19 00:00:00+00:00,46.697547912597656,54.52000045776367,54.599998474121094,54.130001068115234,54.22999954223633,0.07037844606118177
1439,2019-09-20 00:00:00+00:00,46.17506790161133,53.90999984741211,54.689998626708984,53.900001525878906,54.689998626708984,0.2500439479779304
1440,2019-09-23 00:00:00+00:00,46.372066497802734,54.13999938964844,54.36000061035156,53.880001068115234,53.90999984741211,0.0538015771926957
1441,2019-09-24 00:00:00+00:00,46.509117126464844,54.29999923706055,54.61000061035156,54.040000915527344,54.25,0.10943354911533493
1442,2019-09-25 00:00:00+00:00,46.39775848388672,54.16999816894531,54.47999954223633,54.0,54.439998626708984,0.11182987043827702
1443,2019-09-26 00:00:00+00:00,46.5861930847168,54.38999938964844,54.58000183105469,54.130001068115234,54.470001220703125,0.10848057190968616
1444,2019-09-27 00:00:00+00:00,46.51768112182617,54.310001373291016,54.63999938964844,54.0,54.560001373291016,0.07623200831464902
1445,2019-09-30 00:00:00+00:00,46.6290283203125,54.439998626708984,54.68000030517578,54.150001525878906,54.150001525878906,0.10504954556248788
1446,2019-10-01 00:00:00+00:00,46.808895111083984,54.650001525878906,54.779998779296875,54.0099983215332,54.529998779296875,0.17371324946722716
1447,2019-10-02 00:00:00+00:00,45.464149475097656,53.08000183105469,54.439998626708984,52.900001525878906,54.209999084472656,0.1749792596384855
1448,2019-10-03 00:00:00+00:00,46.1151123046875,53.84000015258789,53.97999954223633,52.81999969482422,53.5,0.1668666171159641
1449,2019-10-04 00:00:00+00:00,46.71467208862305,54.540000915527344,54.540000915527344,53.88999938964844,54.0,0.09713428343207495
1450,2019-10-07 00:00:00+00:00,46.140811920166016,53.869998931884766,54.36000061035156,53.77000045776367,54.33000183105469,0.045776830626035096
1451,2019-10-08 00:00:00+00:00,45.89241409301758,53.58000183105469,54.06999969482422,53.45000076293945,53.880001068115234,0.15891588819634417
1452,2019-10-09 00:00:00+00:00,46.106544494628906,53.83000183105469,54.06999969482422,53.540000915527344,54.060001373291016,0.06382017412651467
1453,2019-10-10 00:00:00+00:00,45.9609375,53.65999984741211,53.880001068115234,53.36000061035156,53.54999923706055,0.09169861247752487
1454,2019-10-11 00:00:00+00:00,45.6525764465332,53.29999923706055,53.70000076293945,53.20000076293945,53.650001525878906,0.09229692179110371
1455,2019-10-14 00:00:00+00:00,45.6525764465332,53.29999923706055,53.68000030517578,53.220001220703125,53.4900016784668,0.06646167890527901
1456,2019-10-15 00:00:00+00:00,45.83245849609375,53.5099983215332,53.68000030517578,53.27000045776367,53.43000030517578,0.1012808137006665
1457,2019-10-16 00:00:00+00:00,45.815330505371094,53.4900016784668,53.56999969482422,53.130001068115234,53.459999084472656,0.11501262926102634
1458,2019-10-17 00:00:00+00:00,46.072288513183594,53.790000915527344,54.119998931884766,53.58000183105469,53.689998626708984,0.1571949779026483
1459,2019-10-18 00:00:00+00:00,46.92024230957031,54.779998779296875,55.38999938964844,54.45000076293945,55.0,0.23324965227126235
1460,2019-10-21 00:00:00+00:00,46.44915771484375,54.22999954223633,54.560001373291016,53.68000030517578,54.45000076293945,0.15085104873753652
1461,2019-10-22 00:00:00+00:00,46.12366485595703,53.849998474121094,54.41999816894531,53.7400016784668,54.22999954223633,0.1008043250978421
1462,2019-10-23 00:00:00+00:00,46.800323486328125,54.63999938964844,54.65999984741211,54.0099983215332,54.060001373291016,0.08574173392506332
1463,2019-10-24 00:00:00+00:00,46.77463150024414,54.61000061035156,54.81999969482422,54.4900016784668,54.56999969482422,0.12421240597445776
1464,2019-10-25 00:00:00+00:00,46.03801727294922,53.75,54.560001373291016,53.66999816894531,54.54999923706055,0.10464399053807746
1465,2019-10-28 00:00:00+00:00,45.88384246826172,53.56999969482422,53.95000076293945,53.369998931884766,53.7400016784668,0.09051433012487395
1466,2019-10-29 00:00:00+00:00,45.746788024902344,53.40999984741211,53.65999984741211,53.2599983215332,53.38999938964844,0.07715414483403085
1467,2019-10-30 00:00:00+00:00,46.200767517089844,53.939998626708984,54.04999923706055,53.15999984741211,53.52000045776367,0.08673326198854578
1468,2019-10-31 00:00:00+00:00,46.620460510253906,54.43000030517578,54.470001220703125,53.849998474121094,53.959999084472656,0.1694032635614208
1469,2019-11-01 00:00:00+00:00,46.166500091552734,53.900001525878906,54.7400016784668,53.849998474121094,54.630001068115234,0.1062955092876727
1470,2019-11-04 00:00:00+00:00,45.515541076660156,53.13999938964844,54.0,52.970001220703125,53.959999084472656,0.22388487788630276
1471,2019-11-05 00:00:00+00:00,44.89884567260742,52.41999816894531,52.88999938964844,52.119998931884766,52.88999938964844,0.25116192285510736
1472,2019-11-06 00:00:00+00:00,45.224327087402344,52.79999923706055,52.79999923706055,52.40999984741211,52.529998779296875,0.15871542373560898
1473,2019-11-07 00:00:00+00:00,44.787498474121094,52.290000915527344,53.0,51.959999084472656,52.880001068115234,0.13460725928073353
1474,2019-11-08 00:00:00+00:00,44.7189826965332,52.209999084472656,52.599998474121094,52.09000015258789,52.459999084472656,0.06392503245982231
1475,2019-11-11 00:00:00+00:00,44.40207290649414,51.84000015258789,52.369998931884766,51.779998779296875,52.33000183105469,0.08021662498033907
1476,2019-11-12 00:00:00+00:00,44.29071807861328,51.709999084472656,51.90999984741211,51.58000183105469,51.90999984741211,0.14896976687525254
1477,2019-11-13 00:00:00+00:00,44.89028549194336,52.40999984741211,52.45000076293945,51.959999084472656,52.18000030517578,0.14281704996499583
1478,2019-11-14 00:00:00+00:00,45.0787239074707,52.630001068115234,52.66999816894531,52.349998474121094,52.529998779296875,0.0873408235080047
1479,2019-11-15 00:00:00+00:00,45.112979888916016,52.66999816894531,52.68000030517578,52.380001068115234,52.63999938964844,0.09230771603129714
1480,2019-11-18 00:00:00+00:00,45.421329498291016,53.029998779296875,53.439998626708984,52.66999816894531,52.68000030517578,0.16631919493472572
1481,2019-11-19 00:00:00+00:00,45.464149475097656,53.08000183105469,53.310001373291016,52.869998931884766,53.150001525878906,0.14931826663006909
1482,2019-11-20 00:00:00+00:00,45.58407211303711,53.220001220703125,53.400001525878906,53.0099983215332,53.099998474121094,0.13838215927980832
1483,2019-11-21 00:00:00+00:00,45.36138153076172,52.959999084472656,53.34000015258789,52.779998779296875,53.11000061035156,0.07493978356006378
1484,2019-11-22 00:00:00+00:00,45.421329498291016,53.029998779296875,53.189998626708984,52.75,52.959999084472656,0.09432623894746908
1485,2019-11-25 00:00:00+00:00,45.58407211303711,53.220001220703125,53.38999938964844,52.77000045776367,53.279998779296875,0.12285695781302527
1486,2019-11-26 00:00:00+00:00,46.166500091552734,53.900001525878906,53.939998626708984,53.220001220703125,53.310001373291016,0.15764987802508584
1487,2019-11-27 00:00:00+00:00,46.20933151245117,53.95000076293945,54.099998474121094,53.599998474121094,53.93000030517578,0.10175730230349087
1488,2019-11-29 00:00:00+00:00,46.07989501953125,53.400001525878906,53.72999954223633,53.220001220703125,53.70000076293945,0.06516637008206708
1489,2019-12-02 00:00:00+00:00,46.38190460205078,53.75,53.75,52.849998474121094,53.31999969482422,0.15694054224094597
1490,2019-12-03 00:00:00+00:00,46.42505645751953,53.79999923706055,53.84000015258789,53.400001525878906,53.709999084472656,0.17736478672123415
1491,2019-12-04 00:00:00+00:00,46.847896575927734,54.290000915527344,54.310001373291016,53.720001220703125,53.79999923706055,0.1638827807196366
1492,2019-12-05 00:00:00+00:00,46.7615966796875,54.189998626708984,54.290000915527344,53.83000183105469,54.209999084472656,0.17073095510521302
1493,2019-12-06 00:00:00+00:00,46.96006774902344,54.41999816894531,54.5,54.16999816894531,54.310001373291016,0.074745487236582
1494,2019-12-09 00:00:00+00:00,46.65803909301758,54.06999969482422,54.5099983215332,54.02000045776367,54.29999923706055,0.1679414150323673
1495,2019-12-10 00:00:00+00:00,46.399166107177734,53.77000045776367,54.06999969482422,53.72999954223633,54.040000915527344,0.09248504997733212
1496,2019-12-11 00:00:00+00:00,46.554500579833984,53.95000076293945,54.150001525878906,53.65999984741211,53.939998626708984,0.09071479458560913
1497,2019-12-12 00:00:00+00:00,46.71845245361328,54.13999938964844,54.45000076293945,53.939998626708984,54.0099983215332,0.12701736639043695
1498,2019-12-13 00:00:00+00:00,46.96006774902344,54.41999816894531,54.54999923706055,53.84000015258789,53.939998626708984,0.15537383537858487
1499,2019-12-16 00:00:00+00:00,46.96006774902344,54.41999816894531,54.83000183105469,54.369998931884766,54.689998626708984,0.10087680071056943
1500,2019-12-17 00:00:00+00:00,46.96006774902344,54.41999816894531,54.58000183105469,54.290000915527344,54.400001525878906,0.09612579299114565
1501,2019-12-18 00:00:00+00:00,46.51997756958008,53.90999984741211,54.75,53.88999938964844,54.529998779296875,0.18713820019923086
1502,2019-12-19 00:00:00+00:00,46.873775482177734,54.31999969482422,54.34000015258789,53.91999816894531,54.040000915527344,0.1602111970195561
1503,2019-12-20 00:00:00+00:00,47.434669494628906,54.970001220703125,55.20000076293945,54.470001220703125,54.939998626708984,0.3213059797006603
1504,2019-12-23 00:00:00+00:00,47.38290023803711,54.90999984741211,55.2400016784668,54.84000015258789,55.0,0.0972175532849957
1505,2019-12-24 00:00:00+00:00,47.21031188964844,54.709999084472656,55.0,54.63999938964844,54.79999923706055,0.005597584557451574
1506,2019-12-26 00:00:00+00:00,47.477821350097656,55.02000045776367,55.02000045776367,54.790000915527344,54.91999816894531,0.04984163307601921
1507,2019-12-27 00:00:00+00:00,47.7625732421875,55.349998474121094,55.45000076293945,55.0,55.0099983215332,0.060127001946047316
1508,2019-12-30 00:00:00+00:00,47.69354248046875,55.27000045776367,55.38999938964844,55.060001373291016,55.18000030517578,0.05297504680074142
1509,2019-12-31 00:00:00+00:00,47.7625732421875,55.349998474121094,55.380001068115234,54.97999954223633,55.20000076293945,0.07689045696644842
1510,2020-01-02 00:00:00+00:00,47.45193099975586,54.9900016784668,55.43000030517578,54.7599983215332,55.31999969482422,0.13680003207431374
1511,2020-01-03 00:00:00+00:00,47.193050384521484,54.689998626708984,54.9900016784668,54.09000015258789,54.31999969482422,0.12888631197821415
1512,2020-01-06 00:00:00+00:00,47.1757926940918,54.66999816894531,54.90999984741211,54.52000045776367,54.650001525878906,0.18044885534792923
1513,2020-01-07 00:00:00+00:00,46.81336212158203,54.25,54.599998474121094,54.150001525878906,54.45000076293945,0.10759698624813802
1514,2020-01-08 00:00:00+00:00,46.899658203125,54.349998474121094,54.63999938964844,54.150001525878906,54.27000045776367,0.11842360916215108
1515,2020-01-09 00:00:00+00:00,47.75395584106445,55.34000015258789,55.400001525878906,54.84000015258789,55.0,0.19123846943842196
1516,2020-01-10 00:00:00+00:00,47.917911529541016,55.529998779296875,55.93000030517578,55.45000076293945,55.47999954223633,0.15487884236400032
1517,2020-01-13 00:00:00+00:00,48.43566131591797,56.130001068115234,56.22999954223633,55.41999816894531,55.529998779296875,0.17435165167295305
1518,2020-01-14 00:00:00+00:00,48.32347869873047,56.0,56.290000915527344,55.83000183105469,56.2400016784668,0.20584616048876322
1519,2020-01-15 00:00:00+00:00,48.92752456665039,56.70000076293945,56.97999954223633,56.0,56.0,0.22728197947860737
1520,2020-01-16 00:00:00+00:00,49.03107833862305,56.81999969482422,56.95000076293945,56.61000061035156,56.849998474121094,0.1116093595314683
1521,2020-01-17 00:00:00+00:00,49.13462448120117,56.939998626708984,57.150001525878906,56.79999923706055,56.869998931884766,0.1737564264280009
1522,2020-01-21 00:00:00+00:00,49.33308792114258,57.16999816894531,57.25,56.56999969482422,56.849998474121094,0.13836057079942146
1523,2020-01-22 00:00:00+00:00,49.71277618408203,57.61000061035156,57.63999938964844,57.18000030517578,57.25,0.15224967385974275
1524,2020-01-23 00:00:00+00:00,49.90262222290039,57.83000183105469,57.849998474121094,57.2400016784668,57.380001068115234,0.15208467618821456
1525,2020-01-24 00:00:00+00:00,49.773189544677734,57.68000030517578,57.869998931884766,57.459999084472656,57.849998474121094,0.08632308086119533
1526,2020-01-27 00:00:00+00:00,49.6005973815918,57.47999954223633,57.849998474121094,57.130001068115234,57.209999084472656,0.17523061123156114
1527,2020-01-28 00:00:00+00:00,49.19501876831055,57.0099983215332,57.75,56.970001220703125,57.45000076293945,0.18880513929195955
1528,2020-01-29 00:00:00+00:00,49.19501876831055,57.0099983215332,57.2599983215332,56.65999984741211,57.0,0.1567832547409845
1529,2020-01-30 00:00:00+00:00,50.79143524169922,58.86000061035156,58.97999954223633,57.7599983215332,57.93000030517578,0.26568171794958784
1530,2020-01-31 00:00:00+00:00,50.39448547363281,58.400001525878906,59.08000183105469,58.150001525878906,58.970001220703125,0.2265078782533069
1531,2020-02-03 00:00:00+00:00,50.54981231689453,58.58000183105469,58.970001220703125,58.52000045776367,58.75,0.14398436994019992
1532,2020-02-04 00:00:00+00:00,50.774173736572266,58.84000015258789,59.45000076293945,58.619998931884766,58.75,0.19154533426677814
1533,2020-02-05 00:00:00+00:00,50.782798767089844,58.849998474121094,59.08000183105469,58.540000915527344,58.900001525878906,0.12981770070347606
1534,2020-02-06 00:00:00+00:00,50.90361022949219,58.9900016784668,59.34000015258789,58.84000015258789,58.97999954223633,0.09792997313776228
1535,2020-02-07 00:00:00+00:00,51.07618713378906,59.189998626708984,59.31999969482422,58.849998474121094,58.880001068115234,0.08884430696351858
1536,2020-02-10 00:00:00+00:00,51.559425354003906,59.75,59.84000015258789,59.290000915527344,59.31999969482422,0.0769259237556554
1537,2020-02-11 00:00:00+00:00,51.421356201171875,59.59000015258789,59.79999923706055,59.31999969482422,59.720001220703125,0.06838767976265009
1538,2020-02-12 00:00:00+00:00,51.266029357910156,59.40999984741211,59.77000045776367,59.31999969482422,59.47999954223633,0.09534089752565175
1539,2020-02-13 00:00:00+00:00,51.43862533569336,59.61000061035156,59.84000015258789,59.209999084472656,59.380001068115234,0.07982957436768884
1540,2020-02-14 00:00:00+00:00,51.73201370239258,59.95000076293945,60.06999969482422,59.619998931884766,59.630001068115234,0.10746745536581681
1541,2020-02-18 00:00:00+00:00,51.36958312988281,59.529998779296875,59.93000030517578,59.45000076293945,59.810001373291016,0.10916677717912582
1542,2020-02-19 00:00:00+00:00,51.576683044433594,59.77000045776367,60.0,59.470001220703125,59.5099983215332,0.050415269840584497
1543,2020-02-20 00:00:00+00:00,51.53354263305664,59.720001220703125,59.86000061035156,59.11000061035156,59.68000030517578,0.070947456722807
1544,2020-02-21 00:00:00+00:00,51.88733673095703,60.130001068115234,60.130001068115234,59.43000030517578,59.5099983215332,0.1209895542595614
1545,2020-02-24 00:00:00+00:00,50.61022186279297,58.650001525878906,59.79999923706055,58.56999969482422,59.11000061035156,0.17608798230978237
1546,2020-02-25 00:00:00+00:00,49.89398956298828,57.81999969482422,59.20000076293945,57.619998931884766,58.70000076293945,0.1992123288727421
1547,2020-02-26 00:00:00+00:00,49.70415115356445,57.599998474121094,58.470001220703125,57.47999954223633,57.97999954223633,0.19802033634852445
1548,2020-02-27 00:00:00+00:00,47.40016174316406,54.93000030517578,57.88999938964844,54.880001068115234,57.150001525878906,0.3200908566617425
1549,2020-02-28 00:00:00+00:00,46.15755844116211,53.4900016784668,53.88999938964844,51.58000183105469,53.83000183105469,0.5843431088028571
1550,2020-03-02 00:00:00+00:00,48.25444793701172,55.91999816894531,55.959999084472656,53.70000076293945,53.93000030517578,0.3500772559190987
1551,2020-03-03 00:00:00+00:00,48.375247955322266,56.060001373291016,57.4900016784668,55.63999938964844,56.7599983215332,0.3716749885118444
1552,2020-03-04 00:00:00+00:00,50.84320831298828,58.91999816894531,59.0,56.40999984741211,56.40999984741211,0.27031553106119716
1553,2020-03-05 00:00:00+00:00,48.9620361328125,56.7400016784668,58.16999816894531,56.189998626708984,57.79999923706055,0.23056805460035099
1554,2020-03-06 00:00:00+00:00,47.68491744995117,55.2599983215332,55.90999984741211,53.97999954223633,54.939998626708984,0.2985008342405635
1555,2020-03-09 00:00:00+00:00,44.75099563598633,51.86000061035156,53.58000183105469,51.47999954223633,52.04999923706055,0.3839973847098046
1556,2020-03-10 00:00:00+00:00,46.30424880981445,53.65999984741211,53.79999923706055,51.16999816894531,53.220001220703125,0.3771985554222553
1557,2020-03-11 00:00:00+00:00,45.05302429199219,52.209999084472656,52.650001525878906,51.13999938964844,52.349998474121094,0.3031269371806061
1558,2020-03-12 00:00:00+00:00,40.69527816772461,47.15999984741211,49.93000030517578,46.689998626708984,48.540000915527344,0.44590697832208165
1559,2020-03-13 00:00:00+00:00,42.19251251220703,48.470001220703125,49.560001373291016,46.61000061035156,49.5099983215332,0.4734184125065151
1560,2020-03-16 00:00:00+00:00,39.39824676513672,45.2599983215332,47.880001068115234,41.16999816894531,42.2400016784668,0.3960869337264493
1561,2020-03-17 00:00:00+00:00,41.069583892822266,47.18000030517578,47.5,45.369998931884766,45.880001068115234,0.4488923567527225
1562,2020-03-18 00:00:00+00:00,39.041351318359375,44.849998474121094,45.150001525878906,41.59000015258789,44.7400016784668,0.4998041616422049
1563,2020-03-19 00:00:00+00:00,36.412471771240234,41.83000183105469,44.65999984741211,41.040000915527344,44.36000061035156,0.600785820686082
1564,2020-03-20 00:00:00+00:00,33.339656829833984,38.29999923706055,42.06999969482422,37.5099983215332,41.95000076293945,0.7481518718754531
1565,2020-03-23 00:00:00+00:00,32.695491790771484,37.560001373291016,38.88999938964844,36.27000045776367,38.7599983215332,0.6473799294981912
1566,2020-03-24 00:00:00+00:00,34.340721130371094,39.45000076293945,41.400001525878906,38.83000183105469,41.220001220703125,0.7108762764189029
1567,2020-03-25 00:00:00+00:00,36.22097396850586,41.61000061035156,43.45000076293945,39.90999984741211,40.630001068115234,0.6093410270565341
1568,2020-03-26 00:00:00+00:00,38.55387496948242,44.290000915527344,45.27000045776367,42.45000076293945,42.84000015258789,0.5370196177605345
1569,2020-03-27 00:00:00+00:00,37.26555633544922,42.810001373291016,44.029998779296875,42.400001525878906,43.65999984741211,0.3130576381585643
1570,2020-03-30 00:00:00+00:00,39.17192840576172,45.0,45.560001373291016,43.040000915527344,43.040000915527344,0.315341390976632
1571,2020-03-31 00:00:00+00:00,38.5190544128418,44.25,45.5099983215332,44.060001373291016,45.06999969482422,0.34507027050365924
1572,2020-04-01 00:00:00+00:00,36.6649169921875,42.119998931884766,43.650001525878906,41.79999923706055,42.47999954223633,0.29206284098233753
1573,2020-04-02 00:00:00+00:00,38.257911682128906,43.95000076293945,44.189998626708984,41.86000061035156,42.220001220703125,0.22553177053295795
1574,2020-04-03 00:00:00+00:00,38.1534538269043,43.83000183105469,44.34000015258789,43.310001373291016,43.58000183105469,0.1728743828007661
1575,2020-04-06 00:00:00+00:00,40.625633239746094,46.66999816894531,47.0099983215332,44.689998626708984,45.38999938964844,0.3061508664690807
1576,2020-04-07 00:00:00+00:00,40.48635482788086,46.5099983215332,48.599998474121094,46.47999954223633,48.5,0.2819347596122709
1577,2020-04-08 00:00:00+00:00,41.6266975402832,47.81999969482422,48.09000015258789,46.33000183105469,46.63999938964844,0.24581260582210476
1578,2020-04-09 00:00:00+00:00,42.65386962890625,49.0,49.72999954223633,48.349998474121094,48.439998626708984,0.24933152812516388
1579,2020-04-13 00:00:00+00:00,40.85195541381836,46.93000030517578,48.63999938964844,46.5,48.349998474121094,0.25581886648141694
1580,2020-04-14 00:00:00+00:00,42.584232330322266,48.91999816894531,49.25,46.93000030517578,47.939998626708984,0.2899888048308851
1581,2020-04-15 00:00:00+00:00,41.44388961791992,47.61000061035156,48.400001525878906,47.40999984741211,47.709999084472656,0.15261359395769278
1582,2020-04-16 00:00:00+00:00,40.999942779541016,47.099998474121094,47.849998474121094,46.7599983215332,47.400001525878906,0.22529892335164245
1583,2020-04-17 00:00:00+00:00,41.83561325073242,48.060001373291016,48.29999923706055,47.369998931884766,48.29999923706055,0.2598065672157337
1584,2020-04-20 00:00:00+00:00,40.50376892089844,46.529998779296875,48.0,46.310001373291016,47.790000915527344,0.24613334895928105
1585,2020-04-21 00:00:00+00:00,39.50270080566406,45.380001068115234,46.900001525878906,44.2599983215332,45.880001068115234,0.3680434977039109
1586,2020-04-22 00:00:00+00:00,39.763851165771484,45.68000030517578,46.150001525878906,45.5,46.04999923706055,0.1976163233584274
1587,2020-04-23 00:00:00+00:00,39.23285675048828,45.06999969482422,46.099998474121094,44.970001220703125,45.95000076293945,0.22624573242003784
1588,2020-04-24 00:00:00+00:00,39.54623794555664,45.43000030517578,45.75,45.119998931884766,45.5,0.18779973291965696
1589,2020-04-27 00:00:00+00:00,40.72139358520508,46.779998779296875,46.97999954223633,45.709999084472656,46.0,0.24948881562512534
1590,2020-04-28 00:00:00+00:00,40.68657684326172,46.7400016784668,48.0,46.56999969482422,47.900001525878906,0.21974605778927794
1591,2020-04-29 00:00:00+00:00,41.01734924316406,47.119998931884766,47.86000061035156,46.880001068115234,47.27000045776367,0.19712904051540958
1592,2020-04-30 00:00:00+00:00,39.94664764404297,45.88999938964844,47.0,45.70000076293945,47.0,0.2745561254229029
1593,2020-05-01 00:00:00+00:00,39.6942138671875,45.599998474121094,46.38999938964844,45.209999084472656,45.619998931884766,0.17415889738378462
1594,2020-05-04 00:00:00+00:00,39.293785095214844,45.13999938964844,45.47999954223633,44.599998474121094,45.31999969482422,0.3014353255388639
1595,2020-05-05 00:00:00+00:00,39.520118713378906,45.400001525878906,46.099998474121094,45.150001525878906,45.36000061035156,0.15997372373530058
1596,2020-05-06 00:00:00+00:00,38.95429611206055,44.75,45.630001068115234,44.720001220703125,45.400001525878906,0.13718862472127732
1597,2020-05-07 00:00:00+00:00,38.8237190246582,44.599998474121094,45.2400016784668,44.5,45.150001525878906,0.2077073959049737
1598,2020-05-08 00:00:00+00:00,40.13815689086914,46.11000061035156,46.220001220703125,44.880001068115234,45.08000183105469,0.16945106662513457
1599,2020-05-11 00:00:00+00:00,39.64198303222656,45.540000915527344,46.11000061035156,45.52000045776367,45.689998626708984,0.1214860893084593
1600,2020-05-12 00:00:00+00:00,39.015235900878906,44.81999969482422,45.849998474121094,44.79999923706055,45.599998474121094,0.1608048802301949
1601,2020-05-13 00:00:00+00:00,38.24919891357422,43.939998626708984,44.779998779296875,43.52000045776367,44.709999084472656,0.19828248218179353
1602,2020-05-14 00:00:00+00:00,38.040279388427734,43.70000076293945,44.060001373291016,43.22999954223633,43.380001068115234,0.23137453854623177
1603,2020-05-15 00:00:00+00:00,37.65726852416992,43.2599983215332,44.689998626708984,43.20000076293945,43.959999084472656,0.4407612098184409
1604,2020-05-18 00:00:00+00:00,39.14580535888672,44.970001220703125,45.38999938964844,44.130001068115234,44.81999969482422,0.35655225800084506
1605,2020-05-19 00:00:00+00:00,38.7714958190918,44.540000915527344,45.33000183105469,44.25,45.0099983215332,0.2288934053360556
1606,2020-05-20 00:00:00+00:00,39.94664764404297,45.88999938964844,46.16999816894531,45.02000045776367,45.20000076293945,0.29760645433882194
1607,2020-05-21 00:00:00+00:00,39.31990051269531,45.16999816894531,46.09000015258789,45.029998779296875,46.08000183105469,0.15724432300067542
1608,2020-05-22 00:00:00+00:00,39.19803237915039,45.029998779296875,45.310001373291016,44.650001525878906,45.220001220703125,0.15439001748666914
1609,2020-05-26 00:00:00+00:00,40.12075424194336,46.09000015258789,46.93000030517578,45.93000030517578,46.91999816894531,0.2964838533587049
1610,2020-05-27 00:00:00+00:00,40.677860260009766,46.72999954223633,47.09000015258789,46.16999816894531,47.0,0.23826434785826858
1611,2020-05-28 00:00:00+00:00,40.991233825683594,47.09000015258789,47.459999084472656,46.81999969482422,47.29999923706055,0.2040774471313536
1612,2020-05-29 00:00:00+00:00,40.63433074951172,46.68000030517578,47.189998626708984,46.13999938964844,46.68000030517578,0.7421610685680978
1613,2020-06-01 00:00:00+00:00,40.90419006347656,46.9900016784668,47.22999954223633,46.59000015258789,46.65999984741211,0.2161068568097778
1614,2020-06-02 00:00:00+00:00,40.82585525512695,46.900001525878906,47.279998779296875,46.560001373291016,47.15999984741211,0.18903490240464835
1615,2020-06-03 00:00:00+00:00,41.69633102416992,47.900001525878906,48.119998931884766,47.119998931884766,47.27000045776367,0.19293933328604432
1616,2020-06-04 00:00:00+00:00,41.7137451171875,47.91999816894531,48.27000045776367,47.380001068115234,47.939998626708984,0.16358516809716053
1617,2020-06-05 00:00:00+00:00,42.73222351074219,49.09000015258789,49.4900016784668,48.459999084472656,48.540000915527344,0.2699870777524542
1618,2020-06-08 00:00:00+00:00,43.39378356933594,49.849998474121094,49.970001220703125,49.470001220703125,49.540000915527344,0.2606099670929878
1619,2020-06-09 00:00:00+00:00,42.65386962890625,49.0,49.59000015258789,48.68000030517578,49.59000015258789,0.21152701489913558
1620,2020-06-10 00:00:00+00:00,42.32308578491211,48.619998931884766,49.27000045776367,48.56999969482422,49.15999984741211,0.19615139076074722
1621,2020-06-11 00:00:00+00:00,39.64198303222656,45.540000915527344,47.91999816894531,45.459999084472656,47.810001373291016,0.3558105394961249
1622,2020-06-12 00:00:00+00:00,40.05482864379883,45.599998474121094,46.25,45.0099983215332,46.209999084472656,0.2903095479680614
1623,2020-06-15 00:00:00+00:00,40.669708251953125,46.29999923706055,46.45000076293945,44.470001220703125,44.56999969482422,0.1946972524032605
1624,2020-06-16 00:00:00+00:00,41.08256149291992,46.77000045776367,47.689998626708984,46.189998626708984,47.560001373291016,0.24375244797947246
1625,2020-06-17 00:00:00+00:00,40.9156608581543,46.58000183105469,47.060001373291016,46.439998626708984,46.779998779296875,0.14813552631173152
1626,2020-06-18 00:00:00+00:00,41.275794982910156,46.9900016784668,47.040000915527344,46.06999969482422,46.29999923706055,0.09845118073567374
1627,2020-06-19 00:00:00+00:00,40.42375183105469,46.02000045776367,47.790000915527344,46.02000045776367,47.77000045776367,0.4235706112932425
1628,2020-06-22 00:00:00+00:00,40.177799224853516,45.7400016784668,46.150001525878906,45.380001068115234,46.029998779296875,0.2757141931922269
1629,2020-06-23 00:00:00+00:00,40.089962005615234,45.63999938964844,46.290000915527344,45.58000183105469,46.0,0.18009418745585928
1630,2020-06-24 00:00:00+00:00,39.22035217285156,44.650001525878906,45.439998626708984,44.5,45.369998931884766,0.22568443192997936
1631,2020-06-25 00:00:00+00:00,39.466304779052734,44.93000030517578,44.97999954223633,44.029998779296875,44.470001220703125,0.1670547453021925
1632,2020-06-26 00:00:00+00:00,38.27169418334961,43.56999969482422,45.0099983215332,43.5099983215332,44.91999816894531,0.29235120139893356
1633,2020-06-29 00:00:00+00:00,38.96562576293945,44.36000061035156,44.56999969482422,43.54999923706055,44.0,0.22525420435655538
1634,2020-06-30 00:00:00+00:00,39.24671173095703,44.68000030517578,44.83000183105469,44.040000915527344,44.25,0.3189466672012386
1635,2020-07-01 00:00:00+00:00,39.369686126708984,44.81999969482422,45.529998779296875,44.709999084472656,44.93000030517578,0.1745613683395683
1636,2020-07-02 00:00:00+00:00,39.422386169433594,44.880001068115234,45.43000030517578,44.79999923706055,45.290000915527344,0.18682670926793465
1637,2020-07-06 00:00:00+00:00,39.729827880859375,45.22999954223633,45.27000045776367,44.61000061035156,45.13999938964844,0.18735254296878617
1638,2020-07-07 00:00:00+00:00,39.71226119995117,45.209999084472656,45.5,44.79999923706055,45.0,0.15493281356496746
1639,2020-07-08 00:00:00+00:00,39.58928680419922,45.06999969482422,45.18000030517578,44.470001220703125,45.13999938964844,0.1673862826795622
1640,2020-07-09 00:00:00+00:00,38.570343017578125,43.90999984741211,45.04999923706055,43.83000183105469,45.04999923706055,0.20186462789169987
1641,2020-07-10 00:00:00+00:00,39.6595573425293,45.150001525878906,45.25,43.86000061035156,43.880001068115234,0.1947820642904946
1642,2020-07-13 00:00:00+00:00,39.74739074707031,45.25,45.68000030517578,44.959999084472656,45.529998779296875,0.21139748401681438
1643,2020-07-14 00:00:00+00:00,40.291996002197266,45.869998931884766,45.939998626708984,44.66999816894531,44.90999984741211,0.21717702862324093
1644,2020-07-15 00:00:00+00:00,40.75754928588867,46.400001525878906,47.189998626708984,46.20000076293945,46.29999923706055,0.3198441311716068
1645,2020-07-16 00:00:00+00:00,40.53794860839844,46.150001525878906,46.689998626708984,45.939998626708984,46.2599983215332,0.15898065363750477
1646,2020-07-17 00:00:00+00:00,41.1264762878418,46.81999969482422,46.90999984741211,46.130001068115234,46.470001220703125,0.16813571135584912
1647,2020-07-20 00:00:00+00:00,40.5115966796875,46.119998931884766,46.83000183105469,45.849998474121094,46.720001220703125,0.21028567727689082
1648,2020-07-21 00:00:00+00:00,41.460262298583984,47.20000076293945,47.9900016784668,46.93000030517578,47.52000045776367,0.3498135680515163
1649,2020-07-22 00:00:00+00:00,42.58460998535156,48.47999954223633,48.52000045776367,47.029998779296875,47.93000030517578,0.41380336595249917
1650,2020-07-23 00:00:00+00:00,42.4089241027832,48.279998779296875,48.56999969482422,48.029998779296875,48.470001220703125,0.19951919370109827
1651,2020-07-24 00:00:00+00:00,42.59339904785156,48.4900016784668,48.79999923706055,48.06999969482422,48.400001525878906,0.20355623953344212
1652,2020-07-27 00:00:00+00:00,42.58460998535156,48.47999954223633,48.5099983215332,48.18000030517578,48.18000030517578,0.22128500803399878
1653,2020-07-28 00:00:00+00:00,42.32109069824219,48.18000030517578,49.279998779296875,48.099998474121094,48.34000015258789,0.16771782005693192
1654,2020-07-29 00:00:00+00:00,42.18054962158203,48.02000045776367,48.5,47.81999969482422,48.13999938964844,0.16595064873383564
1655,2020-07-30 00:00:00+00:00,41.89067840576172,47.689998626708984,48.22999954223633,47.20000076293945,47.66999816894531,0.22020558401465554
1656,2020-07-31 00:00:00+00:00,41.49540710449219,47.2400016784668,47.77000045776367,46.72999954223633,47.439998626708984,0.18277578512677067
1657,2020-08-03 00:00:00+00:00,40.669708251953125,46.29999923706055,47.36000061035156,46.22999954223633,47.13999938964844,0.17180112691867622
1658,2020-08-04 00:00:00+00:00,41.01228332519531,46.689998626708984,46.86000061035156,46.220001220703125,46.290000915527344,0.1344792704327257
1659,2020-08-05 00:00:00+00:00,41.47783279418945,47.220001220703125,47.27000045776367,46.810001373291016,46.900001525878906,0.1156895823245859
1660,2020-08-06 00:00:00+00:00,41.706214904785156,47.47999954223633,47.529998779296875,46.599998474121094,46.65999984741211,0.1194876128383609
1661,2020-08-07 00:00:00+00:00,41.987308502197266,47.79999923706055,48.08000183105469,47.209999084472656,47.470001220703125,0.13374680413388562
1662,2020-08-10 00:00:00+00:00,41.917030334472656,47.720001220703125,48.279998779296875,47.65999984741211,48.060001373291016,0.1371130650399233
1663,2020-08-11 00:00:00+00:00,42.10149002075195,47.93000030517578,48.650001525878906,47.70000076293945,48.459999084472656,0.20871897041452966
1664,2020-08-12 00:00:00+00:00,42.54069137573242,48.43000030517578,48.689998626708984,48.119998931884766,48.29999923706055,0.10124843098008618
1665,2020-08-13 00:00:00+00:00,42.496768951416016,48.380001068115234,48.72999954223633,48.060001373291016,48.2599983215332,0.10619373502299176
1666,2020-08-14 00:00:00+00:00,42.558265686035156,48.45000076293945,48.689998626708984,48.029998779296875,48.34000015258789,0.10916831921343917
1667,2020-08-17 00:00:00+00:00,42.34744644165039,48.209999084472656,48.75,48.20000076293945,48.31999969482422,0.09415815720731419
1668,2020-08-18 00:00:00+00:00,42.53190994262695,48.41999816894531,48.5,47.959999084472656,48.20000076293945,0.10536257852809744
1669,2020-08-19 00:00:00+00:00,41.60959243774414,47.369998931884766,48.380001068115234,47.220001220703125,48.119998931884766,0.22166280644076894
1670,2020-08-20 00:00:00+00:00,41.592018127441406,47.349998474121094,47.599998474121094,47.09000015258789,47.27000045776367,0.12818006026270098
1671,2020-08-21 00:00:00+00:00,41.53053283691406,47.279998779296875,47.5,46.970001220703125,47.34000015258789,0.18100090363210763
1672,2020-08-24 00:00:00+00:00,42.136634826660156,47.970001220703125,47.97999954223633,47.18000030517578,47.43000030517578,0.09655293649594293
1673,2020-08-25 00:00:00+00:00,42.083927154541016,47.90999984741211,48.04999923706055,47.650001525878906,48.0,0.07450338784938643
1674,2020-08-26 00:00:00+00:00,42.303524017333984,48.15999984741211,48.18000030517578,47.470001220703125,47.7599983215332,0.10991466382109938
1675,2020-08-27 00:00:00+00:00,42.36501693725586,48.22999954223633,48.81999969482422,48.20000076293945,48.25,0.12236504886706742
1676,2020-08-28 00:00:00+00:00,43.77043914794922,49.83000183105469,49.849998474121094,48.529998779296875,48.75,0.20700268622377385
1677,2020-08-31 00:00:00+00:00,43.506927490234375,49.529998779296875,50.06999969482422,49.349998474121094,49.79999923706055,0.23923891354430424
1678,2020-09-01 00:00:00+00:00,43.14678192138672,49.119998931884766,49.349998474121094,48.83000183105469,49.310001373291016,0.14791347337060948
1679,2020-09-02 00:00:00+00:00,44.96506118774414,51.189998626708984,51.36000061035156,49.36000061035156,49.36000061035156,0.3598537534657221
1680,2020-09-03 00:00:00+00:00,44.34139633178711,50.47999954223633,52.13999938964844,50.099998474121094,51.400001525878906,0.29750622210845434
1681,2020-09-04 00:00:00+00:00,44.83330535888672,51.040000915527344,51.470001220703125,50.279998779296875,50.939998626708984,0.27792392836325397
1682,2020-09-08 00:00:00+00:00,43.75288009643555,49.810001373291016,51.040000915527344,49.36000061035156,50.93000030517578,0.22791883965001994
1683,2020-09-09 00:00:00+00:00,44.086669921875,50.189998626708984,50.7599983215332,49.54999923706055,49.599998474121094,0.1889917254438746
1684,2020-09-10 00:00:00+00:00,43.91977310180664,50.0,50.68000030517578,49.95000076293945,50.349998474121094,0.1918784136784612
1685,2020-09-11 00:00:00+00:00,44.85087585449219,51.060001373291016,51.20000076293945,50.099998474121094,50.400001525878906,0.2355611617069703
1686,2020-09-14 00:00:00+00:00,44.903995513916016,50.709999084472656,51.22999954223633,50.56999969482422,50.970001220703125,0.12205818403871124
1687,2020-09-15 00:00:00+00:00,45.205074310302734,51.04999923706055,51.380001068115234,50.84000015258789,51.0,0.15176855915397833
1688,2020-09-16 00:00:00+00:00,44.97484588623047,50.790000915527344,51.45000076293945,50.7400016784668,50.95000076293945,0.1905584323062357
1689,2020-09-17 00:00:00+00:00,44.76232147216797,50.54999923706055,50.630001068115234,49.939998626708984,50.220001220703125,0.15868766711796872
1690,2020-09-18 00:00:00+00:00,44.67377471923828,50.45000076293945,51.15999984741211,50.209999084472656,50.75,0.321056170141898
1691,2020-09-21 00:00:00+00:00,43.469482421875,49.09000015258789,50.02000045776367,48.61000061035156,49.75,0.2238802517833627
1692,2020-09-22 00:00:00+00:00,43.97421646118164,49.65999984741211,50.040000915527344,49.06999969482422,49.11000061035156,0.15479403047676618
1693,2020-09-23 00:00:00+00:00,42.69023895263672,48.209999084472656,49.91999816894531,48.16999816894531,49.72999954223633,0.2178108047260268
1694,2020-09-24 00:00:00+00:00,43.12413787841797,48.70000076293945,49.099998474121094,47.560001373291016,48.209999084472656,0.2126742884282661
1695,2020-09-25 00:00:00+00:00,43.14185333251953,48.720001220703125,48.7599983215332,47.97999954223633,48.20000076293945,0.1481447785176116
1696,2020-09-28 00:00:00+00:00,43.63772964477539,49.279998779296875,49.709999084472656,49.13999938964844,49.310001373291016,0.12674596835128776
1697,2020-09-29 00:00:00+00:00,43.318946838378906,48.91999816894531,49.560001373291016,48.90999984741211,49.38999938964844,0.14541846185161314
1698,2020-09-30 00:00:00+00:00,43.71742630004883,49.369998931884766,49.619998931884766,48.88999938964844,49.27000045776367,0.19675741024589283
1699,2020-10-01 00:00:00+00:00,43.54917526245117,49.18000030517578,49.65999984741211,48.59000015258789,49.439998626708984,0.2248440232292049
1700,2020-10-02 00:00:00+00:00,43.70856857299805,49.36000061035156,49.58000183105469,48.54999923706055,48.7599983215332,0.1636684379500813
1701,2020-10-05 00:00:00+00:00,43.72627639770508,49.380001068115234,49.54999923706055,49.119998931884766,49.43000030517578,0.1176942269319377
1702,2020-10-06 00:00:00+00:00,43.3366584777832,48.939998626708984,49.72999954223633,48.83000183105469,49.54999923706055,0.10919299176245273
1703,2020-10-07 00:00:00+00:00,43.88567352294922,49.560001373291016,49.7599983215332,48.95000076293945,49.02000045776367,0.11009045573282097
1704,2020-10-08 00:00:00+00:00,44.6826171875,50.459999084472656,50.540000915527344,49.540000915527344,49.709999084472656,0.14105913084777966
1705,2020-10-09 00:00:00+00:00,44.9925537109375,50.810001373291016,51.22999954223633,50.599998474121094,50.66999816894531,0.1297082162672284
1706,2020-10-12 00:00:00+00:00,45.24049377441406,51.09000015258789,51.529998779296875,50.83000183105469,50.84000015258789,0.12937976295848538
1707,2020-10-13 00:00:00+00:00,44.47010803222656,50.220001220703125,50.9900016784668,49.900001525878906,50.9900016784668,0.17531388108448193
1708,2020-10-14 00:00:00+00:00,44.38154983520508,50.119998931884766,50.4900016784668,49.650001525878906,50.04999923706055,0.11697563894191776
1709,2020-10-15 00:00:00+00:00,44.26643753051758,49.9900016784668,50.130001068115234,49.29999923706055,49.400001525878906,0.10740885806190961
1710,2020-10-16 00:00:00+00:00,44.301856994628906,50.029998779296875,50.349998474121094,49.869998931884766,49.9900016784668,0.16304699812180223
1711,2020-10-19 00:00:00+00:00,43.93880081176758,49.619998931884766,50.47999954223633,49.459999084472656,50.029998779296875,0.10692620132183184
1712,2020-10-20 00:00:00+00:00,44.496665954589844,50.25,50.619998931884766,49.790000915527344,49.88999938964844,0.1229679842835863
1713,2020-10-21 00:00:00+00:00,44.26643753051758,49.9900016784668,50.43000030517578,49.77000045776367,49.959999084472656,0.14681862900813272
1714,2020-10-22 00:00:00+00:00,44.87743377685547,50.68000030517578,51.20000076293945,50.380001068115234,51.16999816894531,0.2651204174595293
1715,2020-10-23 00:00:00+00:00,44.73575973510742,50.52000045776367,51.18000030517578,50.470001220703125,51.0,0.1618365011858244
1716,2020-10-26 00:00:00+00:00,44.09819412231445,49.79999923706055,50.5099983215332,49.20000076293945,50.34000015258789,0.18041955669597562
1717,2020-10-27 00:00:00+00:00,44.186744689941406,49.900001525878906,50.290000915527344,49.54999923706055,49.810001373291016,0.16801697471372135
1718,2020-10-28 00:00:00+00:00,42.4688606262207,47.959999084472656,49.150001525878906,47.779998779296875,49.0,0.26044805349008626
1719,2020-10-29 00:00:00+00:00,42.5219841003418,48.02000045776367,48.47999954223633,47.29999923706055,47.72999954223633,0.1908051577963713
1720,2020-10-30 00:00:00+00:00,42.557411193847656,48.060001373291016,48.119998931884766,47.369998931884766,47.810001373291016,0.19749912875061298
1721,2020-11-02 00:00:00+00:00,43.05329513549805,48.619998931884766,48.95000076293945,48.2400016784668,48.75,0.18750828843443426
1722,2020-11-03 00:00:00+00:00,43.69971466064453,49.349998474121094,49.959999084472656,49.0,49.220001220703125,0.1894975126986526
1723,2020-11-04 00:00:00+00:00,43.540321350097656,49.16999816894531,50.209999084472656,49.08000183105469,49.43000030517578,0.15319339885951144
1724,2020-11-05 00:00:00+00:00,43.77939987182617,49.439998626708984,50.209999084472656,49.34000015258789,49.7599983215332,0.1458163067044568
1725,2020-11-06 00:00:00+00:00,43.788265228271484,49.45000076293945,49.9900016784668,49.25,49.650001525878906,0.09712657326050822
1726,2020-11-09 00:00:00+00:00,46.55104064941406,52.56999969482422,53.2599983215332,52.06999969482422,52.5,0.4694831409388522
1727,2020-11-10 00:00:00+00:00,47.799598693847656,53.97999954223633,54.279998779296875,52.45000076293945,52.56999969482422,0.4118835332323815
1728,2020-11-11 00:00:00+00:00,47.445404052734375,53.58000183105469,54.29999923706055,53.33000183105469,53.93000030517578,0.22210845435732637
1729,2020-11-12 00:00:00+00:00,46.940670013427734,53.0099983215332,53.209999084472656,52.61000061035156,53.04999923706055,0.18547742924375557
1730,2020-11-13 00:00:00+00:00,47.330291748046875,53.45000076293945,53.5,52.88999938964844,53.25,0.14574691516035618
1731,2020-11-16 00:00:00+00:00,47.68448257446289,53.849998474121094,54.619998931884766,53.279998779296875,54.5,0.18368558537164573
1732,2020-11-17 00:00:00+00:00,47.533958435058594,53.68000030517578,53.75,53.029998779296875,53.65999984741211,0.17351124297217865
1733,2020-11-18 00:00:00+00:00,46.58646011352539,52.61000061035156,54.02000045776367,52.560001373291016,53.75,0.18939111233103162
1734,2020-11-19 00:00:00+00:00,47.046932220458984,53.130001068115234,53.22999954223633,51.95000076293945,52.4900016784668,0.21886401416204318
1735,2020-11-20 00:00:00+00:00,46.639583587646484,52.66999816894531,53.25,52.59000015258789,53.189998626708984,0.19505654639827047
1736,2020-11-23 00:00:00+00:00,46.6484489440918,52.68000030517578,53.16999816894531,52.20000076293945,52.95000076293945,0.15721965045166186
1737,2020-11-24 00:00:00+00:00,47.12662124633789,53.220001220703125,53.59000015258789,53.02000045776367,53.13999938964844,0.16702236258161218
1738,2020-11-25 00:00:00+00:00,46.86982727050781,52.93000030517578,53.279998779296875,52.790000915527344,53.06999969482422,0.11100334004632273
1739,2020-11-27 00:00:00+00:00,46.666160583496094,52.70000076293945,53.189998626708984,52.61000061035156,53.11000061035156,0.08485814826351518
1740,2020-11-30 00:00:00+00:00,46.05036544799805,51.599998474121094,52.189998626708984,51.08000183105469,52.09000015258789,0.6200103624705858
1741,2020-12-01 00:00:00+00:00,46.44304656982422,52.040000915527344,52.33000183105469,51.790000915527344,52.13999938964844,0.24630143069943597
1742,2020-12-02 00:00:00+00:00,46.50551223754883,52.11000061035156,52.130001068115234,51.63999938964844,51.900001525878906,0.18376114505299976
1743,2020-12-03 00:00:00+00:00,47.103450775146484,52.779998779296875,52.939998626708984,51.900001525878906,51.900001525878906,0.22085940656351485
1744,2020-12-04 00:00:00+00:00,48.058380126953125,53.849998474121094,53.869998931884766,52.7599983215332,52.779998779296875,0.23324965227126235
1745,2020-12-07 00:00:00+00:00,47.29087448120117,52.9900016784668,53.779998779296875,52.70000076293945,53.7599983215332,0.20377366637162414
1746,2020-12-08 00:00:00+00:00,47.4604377746582,53.18000030517578,53.47999954223633,52.790000915527344,52.939998626708984,0.1463313461651149
1747,2020-12-09 00:00:00+00:00,47.59431076049805,53.33000183105469,53.599998474121094,53.0,53.369998931884766,0.131259502786456
1748,2020-12-10 00:00:00+00:00,47.344417572021484,53.04999923706055,53.5099983215332,52.97999954223633,53.400001525878906,0.14034054285775968
1749,2020-12-11 00:00:00+00:00,47.61214828491211,53.349998474121094,53.540000915527344,52.779998779296875,52.79999923706055,0.11783917815739237
1750,2020-12-14 00:00:00+00:00,47.5407600402832,53.27000045776367,53.84000015258789,53.18000030517578,53.650001525878906,0.2975463150006014
1751,2020-12-15 00:00:00+00:00,48.04945755004883,53.84000015258789,54.220001220703125,53.599998474121094,53.790000915527344,0.20350843646972835
1752,2020-12-16 00:00:00+00:00,47.35334777832031,53.060001373291016,53.79999923706055,52.939998626708984,53.599998474121094,0.19558083806480864
1753,2020-12-17 00:00:00+00:00,47.5407600402832,53.27000045776367,53.709999084472656,53.150001525878906,53.29999923706055,0.14928434187517542
1754,2020-12-18 00:00:00+00:00,47.9602165222168,53.7400016784668,53.84000015258789,52.619998931884766,53.08000183105469,0.5009113422791884
1755,2020-12-21 00:00:00+00:00,47.13023376464844,52.810001373291016,53.0,51.97999954223633,52.68000030517578,0.18396931968530167
1756,2020-12-22 00:00:00+00:00,47.08560562133789,52.7599983215332,53.18000030517578,52.38999938964844,52.810001373291016,0.1032114406609776
1757,2020-12-23 00:00:00+00:00,47.371192932128906,53.08000183105469,53.38999938964844,52.939998626708984,52.95000076293945,0.062359867631774556
1758,2020-12-24 00:00:00+00:00,47.692474365234375,53.439998626708984,53.54999923706055,53.02000045776367,53.02000045776367,0.004151156371531579
1759,2020-12-28 00:00:00+00:00,48.33503723144531,54.15999984741211,54.439998626708984,53.72999954223633,53.849998474121094,0.09289523110468256
1760,2020-12-29 00:00:00+00:00,48.308258056640625,54.130001068115234,54.4900016784668,54.02000045776367,54.45000076293945,0.08210253294556313
1761,2020-12-30 00:00:00+00:00,48.584922790527344,54.439998626708984,54.630001068115234,54.029998779296875,54.04999923706055,0.07935925390211784
1762,2020-12-31 00:00:00+00:00,48.94190216064453,54.84000015258789,54.93000030517578,54.27000045776367,54.45000076293945,0.08479184078804122
1763,2021-01-04 00:00:00+00:00,47.08560562133789,52.7599983215332,54.630001068115234,52.029998779296875,54.27000045776367,0.3487279758949196
1764,2021-01-05 00:00:00+00:00,46.567989349365234,52.18000030517578,52.619998931884766,52.029998779296875,52.33000183105469,0.2671959956452951
1765,2021-01-06 00:00:00+00:00,45.08652114868164,50.52000045776367,52.02000045776367,50.189998626708984,51.970001220703125,0.5509411035414361
1766,2021-01-07 00:00:00+00:00,44.58675003051758,49.959999084472656,50.2599983215332,49.52000045776367,50.09000015258789,0.7745545833885896
1767,2021-01-08 00:00:00+00:00,45.58629608154297,51.08000183105469,51.130001068115234,49.84000015258789,50.029998779296875,0.41137928801191687
1768,2021-01-11 00:00:00+00:00,44.800933837890625,50.20000076293945,50.86000061035156,49.95000076293945,50.619998931884766,0.2514764978550303
1769,2021-01-12 00:00:00+00:00,44.72062683105469,50.11000061035156,50.369998931884766,49.7599983215332,50.040000915527344,0.23966914111772816
1770,2021-01-13 00:00:00+00:00,44.76524353027344,50.15999984741211,50.36000061035156,49.95000076293945,49.97999954223633,0.2446869207733611
1771,2021-01-14 00:00:00+00:00,43.935264587402344,49.22999954223633,50.18000030517578,49.220001220703125,50.15999984741211,0.4827693085826546
1772,2021-01-15 00:00:00+00:00,43.4622688293457,48.70000076293945,49.18000030517578,48.529998779296875,49.15999984741211,0.3295404429339362
1773,2021-01-19 00:00:00+00:00,43.29270553588867,48.5099983215332,49.040000915527344,48.2400016784668,48.7400016784668,0.4027516060287374
1774,2021-01-20 00:00:00+00:00,43.44441604614258,48.68000030517578,48.81999969482422,48.310001373291016,48.540000915527344,0.31024959367395843
1775,2021-01-21 00:00:00+00:00,43.68537521362305,48.95000076293945,49.09000015258789,48.459999084472656,48.779998779296875,0.25761533645646684
1776,2021-01-22 00:00:00+00:00,43.27485275268555,48.4900016784668,48.939998626708984,48.4900016784668,48.810001373291016,0.19127393622762898
1777,2021-01-25 00:00:00+00:00,43.533660888671875,48.779998779296875,48.84000015258789,48.2400016784668,48.41999816894531,0.20983848732601998
1778,2021-01-26 00:00:00+00:00,43.98881149291992,49.290000915527344,49.400001525878906,48.61000061035156,48.90999984741211,0.15306695204581694
1779,2021-01-27 00:00:00+00:00,43.310550689697266,48.529998779296875,49.31999969482422,48.22999954223633,48.88999938964844,0.2813611228477056
1780,2021-01-28 00:00:00+00:00,43.86387252807617,49.150001525878906,49.5,48.61000061035156,48.689998626708984,0.22363506832754046
1781,2021-01-29 00:00:00+00:00,42.9714241027832,48.150001525878906,49.119998931884766,48.11000061035156,49.029998779296875,0.24169845827409356
1782,2021-02-01 00:00:00+00:00,43.26593017578125,48.47999954223633,48.689998626708984,48.18000030517578,48.27000045776367,0.1416713184701786
1783,2021-02-02 00:00:00+00:00,43.69430160522461,48.959999084472656,49.349998474121094,48.630001068115234,48.79999923706055,0.15919191233843338
1784,2021-02-03 00:00:00+00:00,43.52473449707031,48.77000045776367,49.09000015258789,48.66999816894531,48.95000076293945,0.14306685952375814
1785,2021-02-04 00:00:00+00:00,43.73892593383789,49.0099983215332,49.06999969482422,48.650001525878906,48.959999084472656,0.27141500152661396
1786,2021-02-05 00:00:00+00:00,44.310089111328125,49.650001525878906,49.779998779296875,49.27000045776367,49.5,0.15028203807591128
1787,2021-02-08 00:00:00+00:00,44.55105209350586,49.91999816894531,50.16999816894531,49.4900016784668,49.959999084472656,0.2287900890370613
1788,2021-02-09 00:00:00+00:00,44.35471725463867,49.70000076293945,50.02000045776367,49.630001068115234,49.849998474121094,0.1788235511816609
1789,2021-02-10 00:00:00+00:00,44.26546859741211,49.599998474121094,50.58000183105469,49.529998779296875,50.40999984741211,0.3079303740666837
1790,2021-02-11 00:00:00+00:00,44.89018249511719,50.29999923706055,50.59000015258789,49.79999923706055,49.810001373291016,0.29194256230589644
1791,2021-02-12 00:00:00+00:00,45.23823928833008,50.689998626708984,50.849998474121094,50.38999938964844,50.56999969482422,0.1563746156479474
1792,2021-02-16 00:00:00+00:00,44.86341094970703,50.27000045776367,50.720001220703125,50.15999984741211,50.619998931884766,0.18654143291996536
1793,2021-02-17 00:00:00+00:00,44.73846435546875,50.130001068115234,50.4900016784668,49.88999938964844,50.0,0.15108852202179204
1794,2021-02-18 00:00:00+00:00,45.309635162353516,50.77000045776367,50.849998474121094,50.029998779296875,50.15999984741211,0.15036068182589202
1795,2021-02-19 00:00:00+00:00,44.72062683105469,50.11000061035156,50.83000183105469,49.970001220703125,50.790000915527344,0.20004040129900974
1796,2021-02-22 00:00:00+00:00,45.18468475341797,50.630001068115234,50.880001068115234,49.66999816894531,49.849998474121094,0.1754002350060294
1797,2021-02-23 00:00:00+00:00,45.104366302490234,50.540000915527344,51.5099983215332,50.41999816894531,51.0,0.20394945828334574
1798,2021-02-24 00:00:00+00:00,45.25608825683594,50.709999084472656,50.900001525878906,50.130001068115234,50.38999938964844,0.1764966214028195
1799,2021-02-25 00:00:00+00:00,44.774166107177734,50.16999816894531,50.75,49.97999954223633,50.470001220703125,0.1729360641733
1800,2021-02-26 00:00:00+00:00,43.72107696533203,48.9900016784668,50.209999084472656,48.970001220703125,50.20000076293945,0.3183082649955127
1801,2021-03-01 00:00:00+00:00,44.533206939697266,49.900001525878906,50.439998626708984,49.400001525878906,49.439998626708984,0.16815729983623598
1802,2021-03-02 00:00:00+00:00,44.711692810058594,50.099998474121094,50.560001373291016,49.70000076293945,49.84000015258789,0.13506370143748442
1803,2021-03-03 00:00:00+00:00,44.60459518432617,49.97999954223633,50.560001373291016,49.709999084472656,49.720001220703125,0.19143430779621712
1804,2021-03-04 00:00:00+00:00,44.56890106201172,49.939998626708984,51.09000015258789,49.619998931884766,50.310001373291016,0.2936048752956851
1805,2021-03-05 00:00:00+00:00,45.32748031616211,50.790000915527344,50.95000076293945,49.900001525878906,50.04999923706055,0.28241587431803533
1806,2021-03-08 00:00:00+00:00,46.0860710144043,51.63999938964844,52.4900016784668,51.15999984741211,51.470001220703125,0.3406137913380849
1807,2021-03-09 00:00:00+00:00,45.38996124267578,50.86000061035156,51.880001068115234,50.81999969482422,51.720001220703125,0.3097391803162404
1808,2021-03-10 00:00:00+00:00,45.907569885253906,51.439998626708984,51.630001068115234,50.720001220703125,51.18000030517578,0.2827366174552116
1809,2021-03-11 00:00:00+00:00,45.40781021118164,50.880001068115234,51.43000030517578,50.810001373291016,51.40999984741211,0.22238293646510224
1810,2021-03-12 00:00:00+00:00,45.31781768798828,50.36000061035156,50.68000030517578,50.20000076293945,50.59000015258789,0.22517247653794795
1811,2021-03-15 00:00:00+00:00,45.92073059082031,51.029998779296875,51.119998931884766,50.470001220703125,50.5,0.16061212594102647
1812,2021-03-16 00:00:00+00:00,46.091705322265625,51.220001220703125,51.52000045776367,51.040000915527344,51.20000076293945,0.17298386723701378
1813,2021-03-17 00:00:00+00:00,46.10970687866211,51.2400016784668,51.619998931884766,51.150001525878906,51.25,0.22369366563144769
1814,2021-03-18 00:00:00+00:00,45.50678634643555,50.56999969482422,51.189998626708984,50.4900016784668,51.060001373291016,0.23147477077659936
1815,2021-03-19 00:00:00+00:00,45.7227668762207,50.810001373291016,51.08000183105469,50.16999816894531,50.459999084472656,1.0
1816,2021-03-22 00:00:00+00:00,45.893733978271484,51.0,51.08000183105469,50.31999969482422,50.31999969482422,0.22999595987009905
1817,2021-03-23 00:00:00+00:00,46.244693756103516,51.38999938964844,51.650001525878906,50.83000183105469,50.9900016784668,0.21496575141790056
1818,2021-03-24 00:00:00+00:00,46.361671447753906,51.52000045776367,51.88999938964844,51.150001525878906,51.16999816894531,0.18506107997915172
1819,2021-03-25 00:00:00+00:00,46.81161117553711,52.02000045776367,52.060001373291016,51.16999816894531,51.70000076293945,0.21735898867221595
1820,2021-03-26 00:00:00+00:00,47.729488372802734,53.040000915527344,53.11000061035156,51.7599983215332,52.13999938964844,0.21789561661326093
1821,2021-03-29 00:00:00+00:00,48.45838928222656,53.849998474121094,53.939998626708984,52.709999084472656,52.72999954223633,0.22386945754316925
1822,2021-03-30 00:00:00+00:00,47.82847595214844,53.150001525878906,53.790000915527344,52.93000030517578,53.75,0.18312428488158722
1823,2021-03-31 00:00:00+00:00,47.43252182006836,52.709999084472656,53.16999816894531,52.5,53.029998779296875,0.19784608647111618
1824,2021-04-01 00:00:00+00:00,47.2525520324707,52.5099983215332,53.150001525878906,52.459999084472656,52.959999084472656,0.19797253328481068
1825,2021-04-05 00:00:00+00:00,47.522518157958984,52.810001373291016,53.220001220703125,52.290000915527344,52.349998474121094,0.20620699651808652
1826,2021-04-06 00:00:00+00:00,47.86446762084961,53.189998626708984,53.650001525878906,52.900001525878906,53.040000915527344,0.1945738896581927
1827,2021-04-07 00:00:00+00:00,47.945457458496094,53.279998779296875,53.5,53.119998931884766,53.279998779296875,0.10896631271839063
1828,2021-04-08 00:00:00+00:00,47.80147933959961,53.119998931884766,53.380001068115234,52.970001220703125,53.16999816894531,0.10330550475409181
1829,2021-04-09 00:00:00+00:00,47.855472564697266,53.18000030517578,53.279998779296875,52.810001373291016,53.16999816894531,0.12077058538706606
1830,2021-04-12 00:00:00+00:00,48.008445739746094,53.349998474121094,53.54999923706055,53.099998474121094,53.33000183105469,0.08587589091032455
1831,2021-04-13 00:00:00+00:00,47.77448272705078,53.09000015258789,53.290000915527344,52.810001373291016,53.040000915527344,0.12452543894006732
1832,2021-04-14 00:00:00+00:00,47.76548385620117,53.08000183105469,53.189998626708984,52.650001525878906,52.97999954223633,0.10472417632237155
1833,2021-04-15 00:00:00+00:00,47.99045181274414,53.33000183105469,53.65999984741211,53.119998931884766,53.130001068115234,0.15546481540307236
1834,2021-04-16 00:00:00+00:00,48.3054084777832,53.68000030517578,53.79999923706055,53.380001068115234,53.7400016784668,0.23096281538456795
1835,2021-04-19 00:00:00+00:00,48.59336853027344,54.0,54.36000061035156,53.29999923706055,54.0,0.25222438449700385
1836,2021-04-20 00:00:00+00:00,48.746341705322266,54.16999816894531,54.59000015258789,53.810001373291016,53.84000015258789,0.17614503757937625
1837,2021-04-21 00:00:00+00:00,49.142295837402344,54.61000061035156,54.7400016784668,54.2400016784668,54.2400016784668,0.16762221392950438
1838,2021-04-22 00:00:00+00:00,48.989315032958984,54.439998626708984,54.869998931884766,54.31999969482422,54.470001220703125,0.14745857324817194
1839,2021-04-23 00:00:00+00:00,49.01630783081055,54.470001220703125,54.59000015258789,54.16999816894531,54.400001525878906,0.09289523110468256
1840,2021-04-26 00:00:00+00:00,48.28740310668945,53.65999984741211,54.5099983215332,53.58000183105469,54.470001220703125,0.1339765672465744
1841,2021-04-27 00:00:00+00:00,48.215423583984375,53.58000183105469,53.70000076293945,53.31999969482422,53.560001373291016,0.10572341455742076
1842,2021-04-28 00:00:00+00:00,48.22441864013672,53.59000015258789,54.04999923706055,53.439998626708984,53.97999954223633,0.12138585707809171
1843,2021-04-29 00:00:00+00:00,48.82734298706055,54.2599983215332,54.36000061035156,53.43000030517578,53.540000915527344,0.19113052703648764
1844,2021-04-30 00:00:00+00:00,48.57536697387695,53.97999954223633,54.27000045776367,53.689998626708984,54.25,0.183753434881433
1845,2021-05-03 00:00:00+00:00,49.02531814575195,54.47999954223633,54.79999923706055,54.15999984741211,54.27000045776367,0.11444361859940108
1846,2021-05-04 00:00:00+00:00,48.71935272216797,54.13999938964844,54.619998931884766,53.939998626708984,54.56999969482422,0.17200930155097813
1847,2021-05-05 00:00:00+00:00,48.59336853027344,54.0,54.2400016784668,53.709999084472656,54.13999938964844,0.1028475205630276
1848,2021-05-06 00:00:00+00:00,49.07930374145508,54.540000915527344,54.61000061035156,54.04999923706055,54.119998931884766,0.1322510308499385
1849,2021-05-07 00:00:00+00:00,49.05229568481445,54.5099983215332,54.77000045776367,54.15999984741211,54.439998626708984,0.11782992595151229
1850,2021-05-10 00:00:00+00:00,49.412254333496094,54.90999984741211,55.5,54.83000183105469,54.880001068115234,0.19351759615354963
1851,2021-05-11 00:00:00+00:00,48.88132858276367,54.31999969482422,55.13999938964844,54.04999923706055,55.029998779296875,0.15405539604067273
1852,2021-05-12 00:00:00+00:00,48.62936782836914,54.040000915527344,54.560001373291016,53.880001068115234,54.36000061035156,0.19800028990245094
1853,2021-05-13 00:00:00+00:00,49.05229568481445,54.5099983215332,54.779998779296875,53.83000183105469,53.970001220703125,0.19243817213420636
1854,2021-05-14 00:00:00+00:00,49.25027847290039,54.72999954223633,55.099998474121094,54.689998626708984,54.900001525878906,0.13460417521210685
1855,2021-05-17 00:00:00+00:00,49.16929244995117,54.63999938964844,55.02000045776367,54.5,54.84000015258789,0.1406875005782629
1856,2021-05-18 00:00:00+00:00,48.899322509765625,54.34000015258789,54.560001373291016,54.099998474121094,54.38999938964844,0.15784571638288097
1857,2021-05-19 00:00:00+00:00,48.746341705322266,54.16999816894531,54.18000030517578,53.61000061035156,54.119998931884766,0.18704567814043
1858,2021-05-20 00:00:00+00:00,49.17829895019531,54.650001525878906,54.79999923706055,54.119998931884766,54.119998931884766,0.1226241106317098
1859,2021-05-21 00:00:00+00:00,49.15128707885742,54.619998931884766,55.119998931884766,54.220001220703125,54.79999923706055,0.20103347139680555
1860,2021-05-24 00:00:00+00:00,49.313270568847656,54.79999923706055,54.93000030517578,54.4900016784668,54.630001068115234,0.11302803109974804
1861,2021-05-25 00:00:00+00:00,49.30427169799805,54.790000915527344,54.81999969482422,54.349998474121094,54.81999969482422,0.13755254481922735
1862,2021-05-26 00:00:00+00:00,49.520240783691406,55.029998779296875,55.04999923706055,54.59000015258789,54.97999954223633,0.20151304406825662
1863,2021-05-27 00:00:00+00:00,49.934181213378906,55.4900016784668,55.56999969482422,54.779998779296875,55.209999084472656,0.8652863403516456
1864,2021-05-28 00:00:00+00:00,49.754215240478516,55.290000915527344,55.709999084472656,55.20000076293945,55.349998474121094,0.2161207351185979
1865,2021-06-01 00:00:00+00:00,49.745208740234375,55.279998779296875,55.650001525878906,55.099998474121094,55.34000015258789,0.15894827091692446
1866,2021-06-02 00:00:00+00:00,49.94318389892578,55.5,55.560001373291016,55.2599983215332,55.5,0.1284853830567438
1867,2021-06-03 00:00:00+00:00,50.06916427612305,55.63999938964844,55.7400016784668,55.099998474121094,55.18000030517578,0.22155949014177465
1868,2021-06-04 00:00:00+00:00,50.60908889770508,56.2400016784668,56.47999954223633,55.779998779296875,55.900001525878906,0.24578176513583785
1869,2021-06-07 00:00:00+00:00,50.42911911010742,56.040000915527344,56.34000015258789,55.810001373291016,56.310001373291016,0.16984736944366488
1870,2021-06-08 00:00:00+00:00,50.07817077636719,55.650001525878906,56.25,55.54999923706055,56.25,0.12293097546006596
1871,2021-06-09 00:00:00+00:00,49.92518615722656,55.47999954223633,55.91999816894531,55.47999954223633,55.75,0.10551369789080547
1872,2021-06-10 00:00:00+00:00,50.3121337890625,55.90999984741211,56.119998931884766,55.7599983215332,55.90999984741211,0.145692943959389
1873,2021-06-11 00:00:00+00:00,50.53710174560547,56.15999984741211,56.209999084472656,55.65999984741211,55.9900016784668,0.13615391969702112
1874,2021-06-14 00:00:00+00:00,50.36484146118164,55.54999923706055,55.709999084472656,55.20000076293945,55.689998626708984,0.10353989396972063
1875,2021-06-15 00:00:00+00:00,50.2379035949707,55.40999984741211,55.790000915527344,55.189998626708984,55.779998779296875,0.12579761724857905
1876,2021-06-16 00:00:00+00:00,49.566978454589844,54.66999816894531,55.459999084472656,54.63999938964844,55.439998626708984,0.1883656595126555
1877,2021-06-17 00:00:00+00:00,49.82084274291992,54.95000076293945,55.150001525878906,54.650001525878906,54.66999816894531,0.11815221112300192
1878,2021-06-18 00:00:00+00:00,48.75099182128906,53.77000045776367,54.619998931884766,53.720001220703125,54.5099983215332,0.4386979679071819
1879,2021-06-21 00:00:00+00:00,49.285911560058594,54.36000061035156,54.43000030517578,54.0,54.220001220703125,0.17591527446668745
1880,2021-06-22 00:00:00+00:00,49.46725082397461,54.560001373291016,54.849998474121094,54.2599983215332,54.34000015258789,0.15538308758446495
1881,2021-06-23 00:00:00+00:00,49.06831741333008,54.119998931884766,54.599998474121094,54.11000061035156,54.560001373291016,0.1440707238617474
1882,2021-06-24 00:00:00+00:00,49.3131103515625,54.38999938964844,54.41999816894531,54.0,54.2599983215332,0.1309510959237865
1883,2021-06-25 00:00:00+00:00,49.24964904785156,54.31999969482422,54.470001220703125,54.0099983215332,54.2400016784668,0.2449367303321234
1884,2021-06-28 00:00:00+00:00,49.19525146484375,54.2599983215332,54.369998931884766,54.0,54.25,0.11658704629495417
1885,2021-06-29 00:00:00+00:00,48.83258819580078,53.86000061035156,54.34000015258789,53.720001220703125,54.130001068115234,0.14348012471973529
1886,2021-06-30 00:00:00+00:00,49.05924987792969,54.11000061035156,54.18000030517578,53.75,53.79999923706055,0.17915200449040394
1887,2021-07-01 00:00:00+00:00,48.923255920410156,53.959999084472656,54.47999954223633,53.86000061035156,54.34000015258789,0.1575712342751051
1888,2021-07-02 00:00:00+00:00,49.122718811035156,54.18000030517578,54.45000076293945,54.0,54.0,0.11732259666242095
1889,2021-07-06 00:00:00+00:00,48.8507194519043,53.880001068115234,54.09000015258789,53.54999923706055,53.9900016784668,0.18939111233103162
1890,2021-07-07 00:00:00+00:00,49.24964904785156,54.31999969482422,54.380001068115234,53.720001220703125,53.720001220703125,0.175505093339337
1891,2021-07-08 00:00:00+00:00,49.0773811340332,54.130001068115234,54.16999816894531,53.7400016784668,54.0099983215332,0.13797506222108458
1892,2021-07-09 00:00:00+00:00,49.376583099365234,54.459999084472656,54.52000045776367,54.18000030517578,54.25,0.12106048783797538
1893,2021-07-12 00:00:00+00:00,49.394718170166016,54.47999954223633,54.599998474121094,54.27000045776367,54.31999969482422,0.1867604017924607
1894,2021-07-13 00:00:00+00:00,49.88430404663086,55.02000045776367,55.29999923706055,54.75,54.95000076293945,0.18773496747849636
1895,2021-07-14 00:00:00+00:00,51.00856399536133,56.2599983215332,56.349998474121094,54.959999084472656,55.02000045776367,0.29308520973208696
1896,2021-07-15 00:00:00+00:00,51.1717643737793,56.439998626708984,56.470001220703125,55.90999984741211,56.2400016784668,0.18615284027300177
1897,2021-07-16 00:00:00+00:00,51.135501861572266,56.400001525878906,56.68000030517578,56.2599983215332,56.459999084472656,0.18295003500417895
1898,2021-07-19 00:00:00+00:00,50.528038024902344,55.72999954223633,56.349998474121094,55.15999984741211,56.08000183105469,0.2549090662365419
1899,2021-07-20 00:00:00+00:00,50.61870574951172,55.83000183105469,56.33000183105469,55.52000045776367,55.72999954223633,0.20449842249889746
1900,2021-07-21 00:00:00+00:00,51.27149200439453,56.54999923706055,57.560001373291016,56.43000030517578,57.33000183105469,0.27636184760383287
1901,2021-07-22 00:00:00+00:00,51.198970794677734,56.470001220703125,56.7400016784668,56.04999923706055,56.619998931884766,0.1604702587841985
1902,2021-07-23 00:00:00+00:00,51.68855667114258,57.0099983215332,57.33000183105469,56.45000076293945,56.59000015258789,0.141060672882093
1903,2021-07-26 00:00:00+00:00,51.733890533447266,57.060001373291016,57.119998931884766,56.560001373291016,56.88999938964844,0.08766156664518102
1904,2021-07-27 00:00:00+00:00,51.91521453857422,57.2599983215332,57.540000915527344,56.91999816894531,57.11000061035156,0.1510900640561054
1905,2021-07-28 00:00:00+00:00,51.443763732910156,56.7400016784668,57.15999984741211,56.630001068115234,56.9900016784668,0.10580976847896822
1906,2021-07-29 00:00:00+00:00,51.72483444213867,57.04999923706055,57.25,56.86000061035156,57.06999969482422,0.10181744164171144
1907,2021-07-30 00:00:00+00:00,51.70669174194336,57.029998779296875,57.25,56.900001525878906,57.150001525878906,0.13463038979543374
1908,2021-08-02 00:00:00+00:00,51.57069778442383,56.880001068115234,57.2400016784668,56.709999084472656,57.20000076293945,0.10457614102829019
1909,2021-08-03 00:00:00+00:00,51.606956481933594,56.91999816894531,57.0,56.75,57.0,0.08988826419365487
1910,2021-08-04 00:00:00+00:00,50.863494873046875,56.099998474121094,56.95000076293945,56.0099983215332,56.75,0.13711923317717667
1911,2021-08-05 00:00:00+00:00,51.226165771484375,56.5,56.59000015258789,56.290000915527344,56.439998626708984,0.10502024691053427
1912,2021-08-06 00:00:00+00:00,51.353092193603516,56.63999938964844,56.7400016784668,56.439998626708984,56.599998474121094,0.1143110036484532
1913,2021-08-09 00:00:00+00:00,51.3621711730957,56.650001525878906,56.880001068115234,56.43000030517578,56.79999923706055,0.09041872399744641
1914,2021-08-10 00:00:00+00:00,51.49816131591797,56.79999923706055,57.16999816894531,56.65999984741211,56.84000015258789,0.12198416639167056
1915,2021-08-11 00:00:00+00:00,51.4346923828125,56.72999954223633,57.18000030517578,56.709999084472656,56.88999938964844,0.08287509213655023
1916,2021-08-12 00:00:00+00:00,51.534427642822266,56.84000015258789,56.97999954223633,56.72999954223633,56.72999954223633,0.048927206728204116
1917,2021-08-13 00:00:00+00:00,51.888031005859375,57.22999954223633,57.29999923706055,56.77000045776367,56.810001373291016,0.07275163686942362
1918,2021-08-16 00:00:00+00:00,52.114681243896484,57.47999954223633,57.4900016784668,57.029998779296875,57.20000076293945,0.07672700132923357
1919,2021-08-17 00:00:00+00:00,51.93335723876953,57.279998779296875,57.560001373291016,57.0099983215332,57.459999084472656,0.1133410640653576
1920,2021-08-18 00:00:00+00:00,51.226165771484375,56.5,57.22999954223633,56.41999816894531,57.189998626708984,0.1677332404000654
1921,2021-08-19 00:00:00+00:00,51.55255889892578,56.86000061035156,56.97999954223633,55.95000076293945,56.060001373291016,0.09602864482940476
1922,2021-08-20 00:00:00+00:00,51.353092193603516,56.63999938964844,57.029998779296875,56.58000183105469,56.84000015258789,0.11638195573127896
1923,2021-08-23 00:00:00+00:00,51.1717643737793,56.439998626708984,56.75,56.380001068115234,56.66999816894531,0.09123446014920725
1924,2021-08-24 00:00:00+00:00,50.78190612792969,56.0099983215332,56.63999938964844,55.900001525878906,56.63999938964844,0.1398763905294421
1925,2021-08-25 00:00:00+00:00,50.836299896240234,56.06999969482422,56.16999816894531,55.72999954223633,56.060001373291016,0.12759408722362892
1926,2021-08-26 00:00:00+00:00,50.35577392578125,55.540000915527344,55.97999954223633,55.5099983215332,55.95000076293945,0.11311130095266883
1927,2021-08-27 00:00:00+00:00,50.455509185791016,55.650001525878906,55.790000915527344,55.45000076293945,55.65999984741211,0.09017508257593751
1928,2021-08-30 00:00:00+00:00,50.936038970947266,56.18000030517578,56.20000076293945,55.63999938964844,55.689998626708984,0.10853454311065333
1929,2021-08-31 00:00:00+00:00,51.053897857666016,56.310001373291016,56.52000045776367,56.0,56.15999984741211,0.17254438745770972
1930,2021-09-01 00:00:00+00:00,51.39842987060547,56.689998626708984,56.79999923706055,56.279998779296875,56.380001068115234,0.1005807301224067
1931,2021-09-02 00:00:00+00:00,51.47096633911133,56.77000045776367,57.029998779296875,56.40999984741211,56.77000045776367,0.13349236847218326
1932,2021-09-03 00:00:00+00:00,51.4346923828125,56.72999954223633,56.77000045776367,56.25,56.459999084472656,0.15765913023096592
1933,2021-09-07 00:00:00+00:00,50.473636627197266,55.66999816894531,56.689998626708984,55.5099983215332,56.599998474121094,0.26274722665128747
1934,2021-09-08 00:00:00+00:00,51.15363311767578,56.41999816894531,56.47999954223633,55.61000061035156,55.61000061035156,0.1394584992305249
1935,2021-09-09 00:00:00+00:00,50.645904541015625,55.86000061035156,56.41999816894531,55.79999923706055,56.18000030517578,0.14725039861587003
1936,2021-09-10 00:00:00+00:00,50.41924285888672,55.61000061035156,56.130001068115234,55.52000045776367,56.0099983215332,0.11684610805959655
1937,2021-09-13 00:00:00+00:00,50.836299896240234,56.06999969482422,56.400001525878906,55.7400016784668,55.7400016784668,0.26643268866018804
1938,2021-09-14 00:00:00+00:00,50.872833251953125,55.689998626708984,55.97999954223633,55.54999923706055,55.91999816894531,0.1684302399096985
1939,2021-09-15 00:00:00+00:00,51.046409606933594,55.880001068115234,56.0,55.41999816894531,55.68000030517578,0.1966047488488714
1940,2021-09-16 00:00:00+00:00,50.5622444152832,55.349998474121094,55.9900016784668,54.81999969482422,55.720001220703125,0.22257877482289737
1941,2021-09-17 00:00:00+00:00,49.73097229003906,54.439998626708984,55.189998626708984,54.369998931884766,55.02000045776367,0.4683759603018686
1942,2021-09-20 00:00:00+00:00,49.38383865356445,54.060001373291016,54.400001525878906,53.72999954223633,54.11000061035156,0.378510826622914
1943,2021-09-21 00:00:00+00:00,49.374698638916016,54.04999923706055,54.81999969482422,53.939998626708984,54.38999938964844,0.2069703035031936
1944,2021-09-22 00:00:00+00:00,49.44777297973633,54.130001068115234,54.560001373291016,54.060001373291016,54.5099983215332,0.1499381644240348
1945,2021-09-23 00:00:00+00:00,49.36557388305664,54.040000915527344,54.619998931884766,54.0,54.2599983215332,0.1671549775325601
1946,2021-09-24 00:00:00+00:00,49.228538513183594,53.88999938964844,54.2400016784668,53.86000061035156,54.0,0.10309887215610325
1947,2021-09-27 00:00:00+00:00,48.97276306152344,53.61000061035156,54.25,53.56999969482422,53.849998474121094,0.14546318084670024
1948,2021-09-28 00:00:00+00:00,48.086666107177734,52.63999938964844,53.459999084472656,52.43000030517578,53.459999084472656,0.2610633251811119
1949,2021-09-29 00:00:00+00:00,48.378990173339844,52.959999084472656,53.15999984741211,52.560001373291016,52.63999938964844,0.16877873966451504
1950,2021-09-30 00:00:00+00:00,47.93137741088867,52.470001220703125,53.33000183105469,52.43000030517578,53.16999816894531,0.22630432972394507
1951,2021-10-01 00:00:00+00:00,48.43379592895508,53.02000045776367,53.20000076293945,52.56999969482422,52.779998779296875,0.20479911919000024
1952,2021-10-04 00:00:00+00:00,48.40639114379883,52.9900016784668,53.529998779296875,52.400001525878906,53.060001373291016,0.24637236427784995
1953,2021-10-05 00:00:00+00:00,48.488609313964844,53.08000183105469,53.470001220703125,52.93000030517578,53.02000045776367,0.21861112053465417
1954,2021-10-06 00:00:00+00:00,49.064109802246094,53.709999084472656,53.77000045776367,52.5099983215332,52.77000045776367,0.2820103192936249
1955,2021-10-07 00:00:00+00:00,49.21940612792969,53.880001068115234,54.279998779296875,53.810001373291016,53.9900016784668,0.1662020003269113
1956,2021-10-08 00:00:00+00:00,49.43864440917969,54.119998931884766,54.38999938964844,53.900001525878906,54.0,0.1663932125817664
1957,2021-10-11 00:00:00+00:00,49.539127349853516,54.22999954223633,54.38999938964844,54.0099983215332,54.209999084472656,0.14467674334689298
1958,2021-10-12 00:00:00+00:00,49.539127349853516,54.22999954223633,54.83000183105469,54.220001220703125,54.41999816894531,0.2540979561877211
1959,2021-10-13 00:00:00+00:00,49.54826736450195,54.2400016784668,54.43000030517578,53.790000915527344,54.16999816894531,0.14104987864189955
1960,2021-10-14 00:00:00+00:00,49.886260986328125,54.61000061035156,54.810001373291016,54.310001373291016,54.38999938964844,0.16511640817031462
1961,2021-10-15 00:00:00+00:00,49.76750564575195,54.47999954223633,54.880001068115234,54.290000915527344,54.63999938964844,0.22931129663497277
1962,2021-10-18 00:00:00+00:00,49.27421951293945,53.939998626708984,54.38999938964844,53.86000061035156,54.349998474121094,0.19839042458372785
1963,2021-10-19 00:00:00+00:00,49.46604919433594,54.150001525878906,54.20000076293945,53.77000045776367,54.040000915527344,0.1244760938420402
1964,2021-10-20 00:00:00+00:00,49.9045295715332,54.630001068115234,54.7599983215332,54.11000061035156,54.18000030517578,0.14616172239064665
1965,2021-10-21 00:00:00+00:00,49.64875030517578,54.349998474121094,54.66999816894531,54.209999084472656,54.599998474121094,0.17566854897655185
1966,2021-10-22 00:00:00+00:00,49.7401008605957,54.45000076293945,54.529998779296875,54.06999969482422,54.38999938964844,0.15161743979127026
1967,2021-10-25 00:00:00+00:00,49.539127349853516,54.22999954223633,54.470001220703125,54.02000045776367,54.380001068115234,0.1366041937165186
1968,2021-10-26 00:00:00+00:00,49.75836944580078,54.470001220703125,54.58000183105469,54.22999954223633,54.31999969482422,0.14017708722054487
1969,2021-10-27 00:00:00+00:00,50.71754455566406,55.52000045776367,56.08000183105469,55.27000045776367,55.970001220703125,0.3241895838666202
1970,2021-10-28 00:00:00+00:00,51.192569732666016,56.040000915527344,56.11000061035156,55.619998931884766,55.75,0.19941125129916393
1971,2021-10-29 00:00:00+00:00,51.49402618408203,56.369998931884766,56.470001220703125,55.779998779296875,55.869998931884766,0.33103467418356997
1972,2021-11-01 00:00:00+00:00,51.31132125854492,56.16999816894531,56.400001525878906,55.900001525878906,56.38999938964844,0.13345998575160298
1973,2021-11-02 00:00:00+00:00,51.247371673583984,56.099998474121094,56.5,55.970001220703125,56.470001220703125,0.131113009526688
1974,2021-11-03 00:00:00+00:00,51.42094039916992,56.290000915527344,56.33000183105469,55.779998779296875,56.0,0.12015531369604038
1975,2021-11-04 00:00:00+00:00,51.70411682128906,56.599998474121094,56.630001068115234,56.029998779296875,56.11000061035156,0.12064722264199826
1976,2021-11-05 00:00:00+00:00,51.92336654663086,56.84000015258789,57.15999984741211,56.59000015258789,56.84000015258789,0.1525133617273252
1977,2021-11-08 00:00:00+00:00,51.457481384277344,56.33000183105469,56.88999938964844,56.130001068115234,56.75,0.1516081875853902
1978,2021-11-09 00:00:00+00:00,51.60364532470703,56.4900016784668,56.52000045776367,56.09000015258789,56.40999984741211,0.11040194666411718
1979,2021-11-10 00:00:00+00:00,51.81375503540039,56.720001220703125,56.91999816894531,56.290000915527344,56.540000915527344,0.08970476211036649
1980,2021-11-11 00:00:00+00:00,51.83201599121094,56.7400016784668,56.880001068115234,56.56999969482422,56.83000183105469,0.0657122502289921
1981,2021-11-12 00:00:00+00:00,51.71326446533203,56.61000061035156,56.9900016784668,56.54999923706055,56.75,0.11050526296311147
1982,2021-11-15 00:00:00+00:00,51.72239685058594,56.619998931884766,56.68000030517578,56.27000045776367,56.529998779296875,0.11245902043812281
1983,2021-11-16 00:00:00+00:00,51.35699462890625,56.220001220703125,56.939998626708984,56.189998626708984,56.619998931884766,0.16592597618482208
1984,2021-11-17 00:00:00+00:00,51.07380676269531,55.90999984741211,56.04999923706055,55.650001525878906,56.040000915527344,0.15871233966698228
1985,2021-11-18 00:00:00+00:00,50.617061614990234,55.40999984741211,55.93000030517578,55.13999938964844,55.83000183105469,0.19096244529633277
1986,2021-11-19 00:00:00+00:00,50.36128616333008,55.130001068115234,55.4900016784668,54.900001525878906,55.439998626708984,0.1976487060790077
1987,2021-11-22 00:00:00+00:00,50.671875,55.470001220703125,56.02000045776367,55.08000183105469,55.099998474121094,0.2144861787464495
1988,2021-11-23 00:00:00+00:00,51.046409606933594,55.880001068115234,56.11000061035156,55.5,55.65999984741211,0.16715035142962004
1989,2021-11-24 00:00:00+00:00,50.635337829589844,55.43000030517578,55.84000015258789,55.029998779296875,55.709999084472656,0.14807538697351097
1990,2021-11-26 00:00:00+00:00,49.08237838745117,53.72999954223633,54.75,53.58000183105469,54.59000015258789,0.18131239456340384
1991,2021-11-29 00:00:00+00:00,49.858856201171875,54.58000183105469,54.72999954223633,53.93000030517578,54.04999923706055,0.3040305692882278
1992,2021-11-30 00:00:00+00:00,48.2846565246582,52.45000076293945,53.630001068115234,52.439998626708984,53.599998474121094,0.4238882703617921
1993,2021-12-01 00:00:00+00:00,48.146568298339844,52.29999923706055,53.52000045776367,52.279998779296875,52.97999954223633,0.24245868119057387
1994,2021-12-02 00:00:00+00:00,48.85541534423828,53.06999969482422,53.34000015258789,52.5099983215332,52.599998474121094,0.21708604859875344
1995,2021-12-03 00:00:00+00:00,49.288089752197266,53.540000915527344,53.61000061035156,52.97999954223633,53.33000183105469,0.278616301769947
1996,2021-12-06 00:00:00+00:00,50.549285888671875,54.90999984741211,55.25,54.13999938964844,54.310001373291016,0.3643487834891302
1997,2021-12-07 00:00:00+00:00,50.82547378540039,55.209999084472656,55.41999816894531,54.849998474121094,55.02000045776367,0.321304437666347
1998,2021-12-08 00:00:00+00:00,50.632144927978516,55.0,55.349998474121094,54.36000061035156,55.119998931884766,0.23176775729613538
1999,2021-12-09 00:00:00+00:00,50.50326919555664,54.86000061035156,55.130001068115234,54.59000015258789,54.75,0.16731226503252153
2000,2021-12-10 00:00:00+00:00,51.81049728393555,56.279998779296875,56.31999969482422,55.06999969482422,55.25,0.31083248264440383
2001,2021-12-13 00:00:00+00:00,53.17296600341797,57.7599983215332,57.93000030517578,56.959999084472656,56.97999954223633,0.4374211634957301
2002,2021-12-14 00:00:00+00:00,53.20978546142578,57.79999923706055,58.16999816894531,57.400001525878906,57.400001525878906,0.33632230984403866
2003,2021-12-15 00:00:00+00:00,53.44913864135742,58.060001373291016,58.25,57.650001525878906,57.93000030517578,0.33812957405928196
2004,2021-12-16 00:00:00+00:00,53.99228286743164,58.650001525878906,58.880001068115234,57.900001525878906,57.97999954223633,0.3346306982022964
2005,2021-12-17 00:00:00+00:00,53.14534378051758,57.72999954223633,58.91999816894531,57.70000076293945,58.4900016784668,0.7537170737123243
2006,2021-12-20 00:00:00+00:00,52.97043991088867,57.540000915527344,57.779998779296875,57.0,57.20000076293945,0.27576508032456737
2007,2021-12-21 00:00:00+00:00,53.18217086791992,57.77000045776367,57.970001220703125,57.529998779296875,57.61000061035156,0.19843822764744165
2008,2021-12-22 00:00:00+00:00,53.55961227416992,58.18000030517578,58.189998626708984,57.4900016784668,57.709999084472656,0.14573920498878942
2009,2021-12-23 00:00:00+00:00,53.596435546875,58.220001220703125,58.61000061035156,57.939998626708984,58.52000045776367,0.12384077570494101
2010,2021-12-27 00:00:00+00:00,53.99228286743164,58.650001525878906,58.689998626708984,58.0,58.0,0.10584060916523516
2011,2021-12-28 00:00:00+00:00,54.20401382446289,58.880001068115234,58.939998626708984,58.29999923706055,58.400001525878906,0.09226916517346345
2012,2021-12-29 00:00:00+00:00,54.268455505371094,58.95000076293945,59.099998474121094,58.65999984741211,58.95000076293945,0.1079377758313878
2013,2021-12-30 00:00:00+00:00,54.11195373535156,58.779998779296875,59.22999954223633,58.7599983215332,59.060001373291016,0.07259280733514883
2014,2021-12-31 00:00:00+00:00,54.50780487060547,59.209999084472656,59.349998474121094,58.70000076293945,58.75,0.10832791051266474
2015,2022-01-03 00:00:00+00:00,54.59066390991211,59.29999923706055,59.310001373291016,58.380001068115234,58.81999969482422,0.2650911188075757
2016,2022-01-04 00:00:00+00:00,55.502044677734375,60.290000915527344,60.540000915527344,59.59000015258789,59.72999954223633,0.35690846792722836
2017,2022-01-05 00:00:00+00:00,55.96232986450195,60.790000915527344,61.20000076293945,60.04999923706055,60.09000015258789,0.30086631487723864
2018,2022-01-06 00:00:00+00:00,55.66773986816406,60.470001220703125,61.119998931884766,60.439998626708984,60.470001220703125,0.22985563474758444
2019,2022-01-07 00:00:00+00:00,55.53886795043945,60.33000183105469,60.720001220703125,60.060001373291016,60.279998779296875,0.1435880671216696
2020,2022-01-10 00:00:00+00:00,55.63092041015625,60.43000030517578,60.81999969482422,60.18000030517578,60.54999923706055,0.27691852199095135
2021,2022-01-11 00:00:00+00:00,55.64933395385742,60.45000076293945,60.4900016784668,59.84000015258789,60.43000030517578,0.25248190422733285
2022,2022-01-12 00:00:00+00:00,55.73218536376953,60.540000915527344,60.689998626708984,60.189998626708984,60.529998779296875,0.1967250275253125
2023,2022-01-13 00:00:00+00:00,56.063602447509766,60.900001525878906,61.040000915527344,60.38999938964844,60.540000915527344,0.17458449885426852
2024,2022-01-14 00:00:00+00:00,56.51468276977539,61.38999938964844,61.45000076293945,60.36000061035156,60.939998626708984,0.258033227755384
2025,2022-01-18 00:00:00+00:00,56.063602447509766,60.900001525878906,61.189998626708984,60.45000076293945,61.060001373291016,0.2926842808106166
2026,2022-01-19 00:00:00+00:00,56.1556510925293,61.0,61.18000030517578,60.560001373291016,60.65999984741211,0.2414579009212113
2027,2022-01-20 00:00:00+00:00,55.925506591796875,60.75,61.439998626708984,60.720001220703125,61.0,0.3085009267626223
2028,2022-01-21 00:00:00+00:00,55.64933395385742,60.45000076293945,61.29999923706055,60.400001525878906,61.08000183105469,0.3646433120429796
2029,2022-01-24 00:00:00+00:00,55.19824981689453,59.959999084472656,60.349998474121094,58.56999969482422,59.900001525878906,0.41926062538743614
2030,2022-01-25 00:00:00+00:00,55.06936264038086,59.81999969482422,60.04999923706055,58.689998626708984,59.36000061035156,0.2472004367041176
2031,2022-01-26 00:00:00+00:00,54.86683654785156,59.599998474121094,60.349998474121094,59.209999084472656,59.790000915527344,0.24971549466918738
2032,2022-01-27 00:00:00+00:00,54.91286087036133,59.650001525878906,60.93000030517578,59.5,59.880001068115234,0.2451449049644253
2033,2022-01-28 00:00:00+00:00,56.008365631103516,60.84000015258789,60.88999938964844,58.939998626708984,59.38999938964844,0.24834771023324811
2034,2022-01-31 00:00:00+00:00,56.164859771728516,61.0099983215332,61.13999938964844,60.150001525878906,60.29999923706055,0.29374211634957303
2035,2022-02-01 00:00:00+00:00,55.75059509277344,60.560001373291016,61.13999938964844,60.15999984741211,60.90999984741211,0.27518219135412203
2036,2022-02-02 00:00:00+00:00,56.32136154174805,61.18000030517578,61.27000045776367,60.560001373291016,60.619998931884766,0.26568171794958784
2037,2022-02-03 00:00:00+00:00,56.71721267700195,61.61000061035156,61.779998779296875,60.59000015258789,60.939998626708984,0.25357520655549626
2038,2022-02-04 00:00:00+00:00,56.11882781982422,60.959999084472656,61.68000030517578,60.56999969482422,61.4900016784668,0.2221670516612336
2039,2022-02-07 00:00:00+00:00,56.7079963684082,61.599998474121094,61.720001220703125,60.86000061035156,61.380001068115234,0.22899363756642313
2040,2022-02-08 00:00:00+00:00,57.07623291015625,62.0,62.33000183105469,61.7400016784668,61.83000183105469,0.24326208106782796
2041,2022-02-09 00:00:00+00:00,56.192481994628906,61.040000915527344,62.31999969482422,60.900001525878906,62.16999816894531,0.31764827430939996
2042,2022-02-10 00:00:00+00:00,56.50547409057617,61.380001068115234,62.29999923706055,60.20000076293945,60.36000061035156,0.31712244060854844
2043,2022-02-11 00:00:00+00:00,55.502044677734375,60.290000915527344,61.97999954223633,60.150001525878906,61.77000045776367,0.30509303093012424
2044,2022-02-14 00:00:00+00:00,55.86106872558594,60.68000030517578,60.790000915527344,59.279998779296875,60.15999984741211,0.31835298399059975
2045,2022-02-15 00:00:00+00:00,56.07280349731445,60.90999984741211,61.779998779296875,60.630001068115234,60.959999084472656,0.16056278084299935
2046,2022-02-16 00:00:00+00:00,56.063602447509766,60.900001525878906,61.400001525878906,60.560001373291016,60.86000061035156,0.1925754131880943
2047,2022-02-17 00:00:00+00:00,57.18670654296875,62.119998931884766,62.279998779296875,60.40999984741211,60.54999923706055,0.2848507464988111
2048,2022-02-18 00:00:00+00:00,57.57335662841797,62.540000915527344,62.81999969482422,61.9900016784668,62.119998931884766,0.2926580662272897
2049,2022-02-22 00:00:00+00:00,57.33399963378906,62.279998779296875,62.63999938964844,61.720001220703125,62.43000030517578,0.28890167063997507
2050,2022-02-23 00:00:00+00:00,56.69879913330078,61.59000015258789,62.33000183105469,61.34000015258789,62.2400016784668,0.250614500673869
2051,2022-02-24 00:00:00+00:00,55.70457077026367,60.5099983215332,60.619998931884766,59.220001220703125,59.970001220703125,0.3733434696388864
2052,2022-02-25 00:00:00+00:00,57.85873794555664,62.849998474121094,62.900001525878906,60.91999816894531,60.939998626708984,0.28514527505266046
2053,2022-02-28 00:00:00+00:00,57.297183990478516,62.2400016784668,62.34000015258789,61.40999984741211,61.650001525878906,0.352860627854691
2054,2022-03-01 00:00:00+00:00,57.048614501953125,61.970001220703125,62.75,61.5099983215332,62.13999938964844,0.1985338337748692
2055,2022-03-02 00:00:00+00:00,57.47209548950195,62.43000030517578,62.880001068115234,61.779998779296875,62.22999954223633,0.22086249063214156
2056,2022-03-03 00:00:00+00:00,57.50891876220703,62.470001220703125,63.02000045776367,62.290000915527344,62.61000061035156,0.2816756978476285
2057,2022-03-04 00:00:00+00:00,57.600975036621094,62.56999969482422,62.59000015258789,61.20000076293945,61.459999084472656,0.21845537506900606
2058,2022-03-07 00:00:00+00:00,56.229305267333984,61.08000183105469,62.06999969482422,60.720001220703125,62.0099983215332,0.4033206166903626
2059,2022-03-08 00:00:00+00:00,54.001487731933594,58.65999984741211,61.540000915527344,58.59000015258789,61.45000076293945,0.42013958494604425
2060,2022-03-09 00:00:00+00:00,54.27766418457031,58.959999084472656,59.84000015258789,58.65999984741211,59.81999969482422,0.3088139597282319
2061,2022-03-10 00:00:00+00:00,53.28343200683594,57.880001068115234,58.65999984741211,57.5,58.47999954223633,0.2758853590010085
2062,2022-03-11 00:00:00+00:00,53.320255279541016,57.91999816894531,58.849998474121094,57.86000061035156,57.959999084472656,0.2599761909902019
2063,2022-03-14 00:00:00+00:00,54.30354309082031,58.540000915527344,59.040000915527344,57.970001220703125,57.970001220703125,0.22826888143914983
2064,2022-03-15 00:00:00+00:00,55.305381774902344,59.619998931884766,59.88999938964844,58.97999954223633,59.08000183105469,0.24072543462237125
2065,2022-03-16 00:00:00+00:00,55.15696334838867,59.459999084472656,59.939998626708984,58.61000061035156,59.779998779296875,0.2212973443085056
2066,2022-03-17 00:00:00+00:00,55.74137496948242,60.09000015258789,60.13999938964844,59.22999954223633,59.459999084472656,0.19414057801614204
2067,2022-03-18 00:00:00+00:00,55.75064468383789,60.099998474121094,60.29999923706055,59.709999084472656,60.29999923706055,0.41945646374523127
2068,2022-03-21 00:00:00+00:00,56.19590759277344,60.58000183105469,61.099998474121094,60.25,60.5,0.22272835215129208
2069,2022-03-22 00:00:00+00:00,56.39999008178711,60.79999923706055,60.95000076293945,60.060001373291016,60.93000030517578,0.22456954112142904
2070,2022-03-23 00:00:00+00:00,56.02893829345703,60.400001525878906,60.97999954223633,60.0,60.75,0.19326161845753395
2071,2022-03-24 00:00:00+00:00,56.56695556640625,60.97999954223633,61.02000045776367,60.459999084472656,60.63999938964844,0.15659358452044278
2072,2022-03-25 00:00:00+00:00,57.07716369628906,61.529998779296875,61.61000061035156,61.04999923706055,61.119998931884766,0.14284634861694945
2073,2022-03-28 00:00:00+00:00,57.43893814086914,61.91999816894531,61.939998626708984,61.209999084472656,61.529998779296875,0.1309017508257594
2074,2022-03-29 00:00:00+00:00,57.66156768798828,62.15999984741211,62.529998779296875,61.7400016784668,62.209999084472656,0.18079272899980572
2075,2022-03-30 00:00:00+00:00,57.707950592041016,62.209999084472656,62.209999084472656,61.560001373291016,62.0099983215332,0.1641449265529057
2076,2022-03-31 00:00:00+00:00,57.51314163208008,62.0,62.63999938964844,62.0,62.220001220703125,0.21321091636931108
2077,2022-04-01 00:00:00+00:00,58.320194244384766,62.869998931884766,62.95000076293945,62.09000015258789,62.33000183105469,0.14878472275765084
2078,2022-04-04 00:00:00+00:00,58.014068603515625,62.540000915527344,62.790000915527344,61.720001220703125,62.599998474121094,0.131219409894309
2079,2022-04-05 00:00:00+00:00,57.94913864135742,62.470001220703125,63.2400016784668,62.369998931884766,62.400001525878906,0.19622232433916123
2080,2022-04-06 00:00:00+00:00,58.53354263305664,63.099998474121094,63.2599983215332,62.29999923706055,62.77000045776367,0.2509059451590917
2081,2022-04-07 00:00:00+00:00,58.848934173583984,63.439998626708984,63.66999816894531,62.709999084472656,63.130001068115234,0.1690763522869911
2082,2022-04-08 00:00:00+00:00,59.210716247558594,63.83000183105469,64.04000091552734,63.15999984741211,63.47999954223633,0.1496883548652725
2083,2022-04-11 00:00:00+00:00,59.19216537475586,63.810001373291016,64.30000305175781,63.63999938964844,63.90999984741211,0.14994433256128817
2084,2022-04-12 00:00:00+00:00,59.887882232666016,64.55999755859375,64.80999755859375,63.88999938964844,64.37999725341797,0.23274849111942444
2085,2022-04-13 00:00:00+00:00,60.04558563232422,64.7300033569336,64.87000274658203,64.2300033569336,64.44000244140625,0.1370359633242559
2086,2022-04-14 00:00:00+00:00,60.31459426879883,65.0199966430664,65.56999969482422,64.81999969482422,64.95999908447266,0.206510777277816
2087,2022-04-18 00:00:00+00:00,59.77656555175781,64.44000244140625,65.18000030517578,64.18000030517578,64.7699966430664,0.1338963814622803
2088,2022-04-19 00:00:00+00:00,60.36097717285156,65.06999969482422,65.25,64.44000244140625,64.5,0.138744537343445
2089,2022-04-20 00:00:00+00:00,61.18657302856445,65.95999908447266,66.23999786376953,65.4000015258789,65.44000244140625,0.18243499554352086
2090,2022-04-21 00:00:00+00:00,61.418479919433594,66.20999908447266,67.0,65.72000122070312,65.9800033569336,0.1869577821845692
2091,2022-04-22 00:00:00+00:00,60.5279541015625,65.25,66.33999633789062,65.18000030517578,66.08000183105469,0.18359306331284486
2092,2022-04-25 00:00:00+00:00,61.168006896972656,65.94000244140625,67.19999694824219,64.77999877929688,67.0,0.34056907234299777
2093,2022-04-26 00:00:00+00:00,60.34242630004883,65.05000305175781,66.37000274658203,65.04000091552734,65.5199966430664,0.29277526083510413
2094,2022-04-27 00:00:00+00:00,60.81551742553711,65.55999755859375,66.27999877929688,65.0,65.0,0.21549466918737878
2095,2022-04-28 00:00:00+00:00,61.39992904663086,66.19000244140625,66.27999877929688,64.5,64.66000366210938,0.2932070304428414
2096,2022-04-29 00:00:00+00:00,59.93426513671875,64.61000061035156,66.02999877929688,64.48999786376953,65.87000274658203,0.26431701758227527
2097,2022-05-02 00:00:00+00:00,58.848934173583984,63.439998626708984,65.30999755859375,62.58000183105469,65.27999877929688,0.3388466200149886
2098,2022-05-03 00:00:00+00:00,58.51499938964844,63.08000183105469,63.939998626708984,62.66999816894531,63.720001220703125,0.28820621316465533
2099,2022-05-04 00:00:00+00:00,60.32387161254883,65.02999877929688,65.12000274658203,62.939998626708984,63.0,0.2588134971179379
2100,2022-05-05 00:00:00+00:00,59.84150314331055,64.51000213623047,65.02999877929688,64.01000213623047,64.69000244140625,0.26459612579299113
2101,2022-05-06 00:00:00+00:00,60.05485534667969,64.73999786376953,65.30999755859375,64.06999969482422,64.19999694824219,0.24653581991506476
2102,2022-05-09 00:00:00+00:00,59.93426513671875,64.61000061035156,65.36000061035156,64.04000091552734,64.47000122070312,0.26305563351395694
2103,2022-05-10 00:00:00+00:00,59.377689361572266,64.01000213623047,65.31999969482422,63.849998474121094,64.5,0.28259166622975695
2104,2022-05-11 00:00:00+00:00,59.65597152709961,64.30999755859375,65.19999694824219,63.959999084472656,64.33000183105469,0.2567810958929458
2105,2022-05-12 00:00:00+00:00,59.84150314331055,64.51000213623047,64.52999877929688,63.209999084472656,64.16000366210938,0.3019056460044349
2106,2022-05-13 00:00:00+00:00,60.96394348144531,65.72000122070312,65.80000305175781,64.12000274658203,64.80999755859375,0.20309671330806456
2107,2022-05-16 00:00:00+00:00,61.18657302856445,65.95999908447266,66.37999725341797,65.44000244140625,65.44000244140625,0.15770230719173967
2108,2022-05-17 00:00:00+00:00,61.019596099853516,65.77999877929688,66.0999984741211,65.01000213623047,66.0999984741211,0.28225858681807386
2109,2022-05-18 00:00:00+00:00,56.77104187011719,61.20000076293945,65.5199966430664,60.959999084472656,65.41999816894531,0.43856997905917405
2110,2022-05-19 00:00:00+00:00,55.65788269042969,60.0,60.959999084472656,59.65999984741211,60.959999084472656,0.43944277048052877
2111,2022-05-20 00:00:00+00:00,56.56695556640625,60.97999954223633,61.2400016784668,59.65999984741211,60.4900016784668,0.40304921865121346
2112,2022-05-23 00:00:00+00:00,58.310916900634766,62.86000061035156,63.099998474121094,61.59000015258789,61.650001525878906,0.2530570830262115
2113,2022-05-24 00:00:00+00:00,59.386962890625,64.0199966430664,64.19000244140625,62.75,62.880001068115234,0.20289933291595608
2114,2022-05-25 00:00:00+00:00,59.433345794677734,64.06999969482422,64.47000122070312,63.599998474121094,64.0,0.19066020657091665
2115,2022-05-26 00:00:00+00:00,59.64670181274414,64.30000305175781,65.0999984741211,63.959999084472656,64.06999969482422,0.20298568683750354
2116,2022-05-27 00:00:00+00:00,59.99920654296875,64.68000030517578,64.83000183105469,64.13999938964844,64.26000213623047,0.22687488241988366
2117,2022-05-31 00:00:00+00:00,58.79328155517578,63.380001068115234,64.31999969482422,63.04999923706055,64.08000183105469,0.6193226151668327
2118,2022-06-01 00:00:00+00:00,58.50571823120117,63.06999969482422,63.68000030517578,62.130001068115234,63.41999816894531,0.19139729897269678
2119,2022-06-02 00:00:00+00:00,59.11794662475586,63.72999954223633,63.7400016784668,62.11000061035156,63.18000030517578,0.17871715081403994
2120,2022-06-03 00:00:00+00:00,58.41294860839844,62.970001220703125,63.630001068115234,62.810001373291016,63.56999969482422,0.16258592986211132
2121,2022-06-06 00:00:00+00:00,58.320194244384766,62.869998931884766,63.77000045776367,62.65999984741211,63.33000183105469,0.18684058757675479
2122,2022-06-07 00:00:00+00:00,58.67268753051758,63.25,63.369998931884766,62.220001220703125,62.380001068115234,0.22960890925744884
2123,2022-06-08 00:00:00+00:00,58.33873748779297,62.88999938964844,63.209999084472656,62.560001373291016,62.9900016784668,0.11126085977665176
2124,2022-06-09 00:00:00+00:00,57.32761764526367,61.79999923706055,63.349998474121094,61.779998779296875,62.869998931884766,0.16015414174996223
2125,2022-06-10 00:00:00+00:00,56.96584701538086,61.40999984741211,61.88999938964844,60.459999084472656,61.0099983215332,0.18460155375377416
2126,2022-06-13 00:00:00+00:00,56.900917053222656,61.34000015258789,62.290000915527344,60.66999816894531,60.75,0.3094539039682711
2127,2022-06-14 00:00:00+00:00,55.34056854248047,59.22999954223633,60.88999938964844,58.65999984741211,60.72999954223633,0.33344487381533217
2128,2022-06-15 00:00:00+00:00,55.75167465209961,59.66999816894531,60.63999938964844,58.970001220703125,60.0,0.257340854348691
2129,2022-06-16 00:00:00+00:00,55.19108200073242,59.06999969482422,59.52000045776367,58.25,58.63999938964844,0.18593078733187973
2130,2022-06-17 00:00:00+00:00,55.527435302734375,59.43000030517578,60.130001068115234,59.130001068115234,59.70000076293945,0.4901448587033959
2131,2022-06-21 00:00:00+00:00,56.71405029296875,60.70000076293945,60.880001068115234,59.0099983215332,59.4900016784668,0.22681320104734973
2132,2022-06-22 00:00:00+00:00,57.13449478149414,61.150001525878906,61.45000076293945,60.31999969482422,60.599998474121094,0.1882947259342415
2133,2022-06-23 00:00:00+00:00,57.816558837890625,61.880001068115234,61.90999984741211,61.22999954223633,61.29999923706055,0.21888560264243004
2134,2022-06-24 00:00:00+00:00,58.900390625,63.040000915527344,63.060001373291016,62.11000061035156,62.11000061035156,0.2336305347466592
2135,2022-06-27 00:00:00+00:00,58.7789192199707,62.90999984741211,63.290000915527344,62.630001068115234,62.97999954223633,0.1410313742301394
2136,2022-06-28 00:00:00+00:00,58.19028854370117,62.279998779296875,63.7599983215332,62.11000061035156,63.08000183105469,0.1565750801086826
2137,2022-06-29 00:00:00+00:00,58.61073684692383,62.72999954223633,63.11000061035156,62.43000030517578,62.540000915527344,0.13568668330007683
2138,2022-06-30 00:00:00+00:00,58.7789192199707,62.90999984741211,63.11000061035156,62.15999984741211,62.31999969482422,0.1930303133105318
2139,2022-07-01 00:00:00+00:00,60.15238952636719,64.37999725341797,64.44999694824219,62.81999969482422,63.119998931884766,0.18730936600801243
2140,2022-07-05 00:00:00+00:00,59.12462615966797,63.279998779296875,64.18000030517578,62.41999816894531,64.18000030517578,0.1993063929658563
2141,2022-07-06 00:00:00+00:00,59.2460823059082,63.40999984741211,64.08999633789062,63.189998626708984,63.599998474121094,0.16120735118597862
2142,2022-07-07 00:00:00+00:00,58.7789192199707,62.90999984741211,63.58000183105469,62.70000076293945,63.2599983215332,0.1824550419895944
2143,2022-07-08 00:00:00+00:00,58.99381637573242,63.13999938964844,63.41999816894531,62.880001068115234,63.029998779296875,0.12822323722347473
2144,2022-07-11 00:00:00+00:00,58.806949615478516,62.939998626708984,63.459999084472656,62.59000015258789,62.9900016784668,0.14966676638488563
2145,2022-07-12 00:00:00+00:00,58.5546875,62.66999816894531,63.45000076293945,62.470001220703125,63.0,0.18095464260270722
2146,2022-07-13 00:00:00+00:00,58.283721923828125,62.380001068115234,63.0,61.97999954223633,62.33000183105469,0.15650106246164192
2147,2022-07-14 00:00:00+00:00,58.096858978271484,62.18000030517578,62.25,61.29999923706055,61.33000183105469,0.1763578383146182
2148,2022-07-15 00:00:00+00:00,58.39584732055664,62.5,62.970001220703125,62.06999969482422,62.75,0.29255629196260874
2149,2022-07-18 00:00:00+00:00,57.60165786743164,61.650001525878906,62.560001373291016,61.5099983215332,62.52000045776367,0.12003966112253933
2150,2022-07-19 00:00:00+00:00,58.42387008666992,62.529998779296875,62.650001525878906,61.93000030517578,62.09000015258789,0.12339204371975687
2151,2022-07-20 00:00:00+00:00,57.46151351928711,61.5,62.58000183105469,61.150001525878906,62.400001525878906,0.12358171394029863
2152,2022-07-21 00:00:00+00:00,57.3306999206543,61.36000061035156,61.880001068115234,60.790000915527344,61.2599983215332,0.13821716160828013
2153,2022-07-22 00:00:00+00:00,57.54560089111328,61.59000015258789,61.869998931884766,61.31999969482422,61.380001068115234,0.13336129555554874
2154,2022-07-25 00:00:00+00:00,58.106201171875,62.189998626708984,62.29999923706055,61.310001373291016,61.54999923706055,0.18420216686661714
2155,2022-07-26 00:00:00+00:00,59.05921936035156,63.209999084472656,63.79999923706055,62.529998779296875,62.75,0.26402248902842584
2156,2022-07-27 00:00:00+00:00,58.87235641479492,63.0099983215332,63.189998626708984,61.790000915527344,62.880001068115234,0.14104371050464617
2157,2022-07-28 00:00:00+00:00,59.85340118408203,64.05999755859375,64.25,62.88999938964844,62.91999816894531,0.12090628440664064
2158,2022-07-29 00:00:00+00:00,59.956180572509766,64.16999816894531,64.29000091552734,63.630001068115234,63.709999084472656,0.16558210253294559
2159,2022-08-01 00:00:00+00:00,60.28319549560547,64.5199966430664,65.04000091552734,64.02999877929688,64.08999633789062,0.15166215878635733
2160,2022-08-02 00:00:00+00:00,59.46098327636719,63.63999938964844,64.5999984741211,63.43000030517578,64.58999633789062,0.18883135387528646
2161,2022-08-03 00:00:00+00:00,59.72259521484375,63.91999816894531,64.0999984741211,63.310001373291016,63.54999923706055,0.12830804911070884
2162,2022-08-04 00:00:00+00:00,59.489017486572266,63.66999816894531,63.72999954223633,62.91999816894531,63.63999938964844,0.13568822533439015
2163,2022-08-05 00:00:00+00:00,59.21805953979492,63.380001068115234,63.630001068115234,62.66999816894531,63.630001068115234,0.11486767803557166
2164,2022-08-08 00:00:00+00:00,58.83498001098633,62.970001220703125,63.810001373291016,62.75,63.5,0.09512655475609644
2165,2022-08-09 00:00:00+00:00,58.909732818603516,63.04999923706055,63.310001373291016,62.849998474121094,63.18000030517578,0.07578481836377823
2166,2022-08-10 00:00:00+00:00,59.47032928466797,63.650001525878906,63.790000915527344,63.099998474121094,63.630001068115234,0.09037863110529937
2167,2022-08-11 00:00:00+00:00,59.068565368652344,63.220001220703125,63.9900016784668,63.08000183105469,63.689998626708984,0.0849892211801497
2168,2022-08-12 00:00:00+00:00,59.51704788208008,63.70000076293945,63.7599983215332,63.09000015258789,63.43000030517578,0.10012428796565584
2169,2022-08-15 00:00:00+00:00,60.26450729370117,64.5,64.69000244140625,63.56999969482422,63.63999938964844,0.10589149629757563
2170,2022-08-16 00:00:00+00:00,60.75971221923828,65.02999877929688,65.2300033569336,64.33000183105469,64.56999969482422,0.1013625415192739
2171,2022-08-17 00:00:00+00:00,60.61955642700195,64.87999725341797,65.22000122070312,64.76000213623047,64.83000183105469,0.07937930034819135
2172,2022-08-18 00:00:00+00:00,60.93724060058594,65.22000122070312,65.3499984741211,64.70999908447266,64.95999908447266,0.054521707217029
2173,2022-08-19 00:00:00+00:00,60.8905143737793,65.16999816894531,65.47000122070312,64.95999908447266,65.20999908447266,0.0913624489972151
2174,2022-08-22 00:00:00+00:00,59.98421096801758,64.19999694824219,64.91999816894531,63.9900016784668,64.83999633789062,0.0939345622318788
2175,2022-08-23 00:00:00+00:00,60.04961395263672,64.2699966430664,64.37000274658203,63.68000030517578,63.81999969482422,0.0840023192196073
2176,2022-08-24 00:00:00+00:00,60.13370895385742,64.36000061035156,64.58000183105469,64.05000305175781,64.23999786376953,0.059343648514866766
2177,2022-08-25 00:00:00+00:00,60.4233512878418,64.66999816894531,64.70999908447266,63.900001525878906,64.36000061035156,0.07583107939317868
2178,2022-08-26 00:00:00+00:00,58.96578598022461,63.11000061035156,64.80000305175781,62.97999954223633,64.7300033569336,0.10937957791436778
2179,2022-08-29 00:00:00+00:00,58.61073684692383,62.72999954223633,63.029998779296875,62.40999984741211,62.689998626708984,0.09436633183961612
2180,2022-08-30 00:00:00+00:00,58.06883239746094,62.150001525878906,62.90999984741211,61.9900016784668,62.90999984741211,0.08420278368034248
2181,2022-08-31 00:00:00+00:00,57.65772247314453,61.709999084472656,62.529998779296875,61.70000076293945,62.380001068115234,0.17945115914719337
2182,2022-09-01 00:00:00+00:00,57.928672790527344,62.0,62.040000915527344,61.290000915527344,61.58000183105469,0.1841713261803502
2183,2022-09-02 00:00:00+00:00,57.13449478149414,61.150001525878906,62.77000045776367,60.900001525878906,62.38999938964844,0.13590719420688552
2184,2022-09-06 00:00:00+00:00,57.16252517700195,61.18000030517578,61.970001220703125,60.9900016784668,61.290000915527344,0.14164356185253837
2185,2022-09-07 00:00:00+00:00,58.218318939208984,62.310001373291016,62.4900016784668,61.31999969482422,61.31999969482422,0.15874318035324925
2186,2022-09-08 00:00:00+00:00,58.040794372558594,62.119998931884766,62.29999923706055,61.34000015258789,62.08000183105469,0.21892569553457705
2187,2022-09-09 00:00:00+00:00,58.2276611328125,62.31999969482422,62.880001068115234,61.86000061035156,62.16999816894531,0.13661807202533874
2188,2022-09-12 00:00:00+00:00,58.39584732055664,62.5,62.810001373291016,62.27000045776367,62.43000030517578,0.15467529383463843
2189,2022-09-13 00:00:00+00:00,56.4991455078125,60.470001220703125,62.220001220703125,60.279998779296875,62.20000076293945,0.23957816109324068
2190,2022-09-14 00:00:00+00:00,56.798133850097656,60.790000915527344,61.08000183105469,60.439998626708984,60.63999938964844,0.15243471797734445
2191,2022-09-15 00:00:00+00:00,56.02639389038086,59.529998779296875,60.400001525878906,59.36000061035156,60.400001525878906,0.13038825339941468
2192,2022-09-16 00:00:00+00:00,56.03580093383789,59.540000915527344,59.79999923706055,59.11000061035156,59.65999984741211,0.2698128278750459
2193,2022-09-19 00:00:00+00:00,56.459327697753906,59.9900016784668,60.099998474121094,59.22999954223633,59.38999938964844,0.14803375204705058
2194,2022-09-20 00:00:00+00:00,56.37461853027344,59.900001525878906,60.029998779296875,59.31999969482422,59.68000030517578,0.138602670186617
2195,2022-09-21 00:00:00+00:00,55.904048919677734,59.400001525878906,60.70000076293945,59.38999938964844,60.13999938964844,0.17222981245778685
2196,2022-09-22 00:00:00+00:00,55.77228546142578,59.2599983215332,59.72999954223633,59.20000076293945,59.54999923706055,0.13356021798197057
2197,2022-09-23 00:00:00+00:00,55.151126861572266,58.599998474121094,59.099998474121094,58.0,58.959999084472656,0.1823871924798071
2198,2022-09-26 00:00:00+00:00,54.46409225463867,57.869998931884766,58.56999969482422,57.689998626708984,58.4900016784668,0.24169537420546686
2199,2022-09-27 00:00:00+00:00,53.06178665161133,56.380001068115234,58.369998931884766,56.310001373291016,58.08000183105469,0.32125200849969315
2200,2022-09-28 00:00:00+00:00,53.626468658447266,56.97999954223633,57.25,55.90999984741211,56.65999984741211,0.2850265384105327
2201,2022-09-29 00:00:00+00:00,53.240596771240234,56.56999969482422,57.290000915527344,56.0,57.09000015258789,0.17848121956409777
2202,2022-09-30 00:00:00+00:00,52.72297668457031,56.02000045776367,57.130001068115234,56.0,56.869998931884766,0.2024428907592052
2203,2022-10-03 00:00:00+00:00,53.31590270996094,56.650001525878906,56.849998474121094,56.060001373291016,56.36000061035156,0.20480220325862694
2204,2022-10-04 00:00:00+00:00,53.43824768066406,56.779998779296875,57.810001373291016,56.459999084472656,56.95000076293945,0.24464528584690068
2205,2022-10-05 00:00:00+00:00,52.93002700805664,56.2400016784668,56.650001525878906,55.5099983215332,56.5,0.17469089922188952
2206,2022-10-06 00:00:00+00:00,51.791236877441406,55.029998779296875,56.099998474121094,54.869998931884766,56.0,0.21891490129438365
2207,2022-10-07 00:00:00+00:00,51.301841735839844,54.5099983215332,55.09000015258789,54.25,54.9900016784668,0.13081848097283863
2208,2022-10-10 00:00:00+00:00,51.18890380859375,54.38999938964844,54.959999084472656,54.02000045776367,54.599998474121094,0.11168646124713569
2209,2022-10-11 00:00:00+00:00,51.27360916137695,54.47999954223633,55.220001220703125,54.2400016784668,54.459999084472656,0.17436707201608653
2210,2022-10-12 00:00:00+00:00,51.89476776123047,55.13999938964844,56.040000915527344,55.040000915527344,55.22999954223633,0.23718183977029858
2211,2022-10-13 00:00:00+00:00,52.58180236816406,55.869998931884766,56.08000183105469,54.2599983215332,54.47999954223633,0.20392478573433218
2212,2022-10-14 00:00:00+00:00,51.74418258666992,54.97999954223633,56.470001220703125,54.939998626708984,56.290000915527344,0.20048913328419388
2213,2022-10-17 00:00:00+00:00,52.41239929199219,55.689998626708984,56.220001220703125,55.56999969482422,55.630001068115234,0.1653847221408371
2214,2022-10-18 00:00:00+00:00,53.118255615234375,56.439998626708984,56.779998779296875,56.099998474121094,56.310001373291016,0.13611228477056073
2215,2022-10-19 00:00:00+00:00,52.666507720947266,55.959999084472656,56.540000915527344,55.72999954223633,56.310001373291016,0.1108105857571543
2216,2022-10-20 00:00:00+00:00,51.83829879760742,55.08000183105469,55.91999816894531,54.959999084472656,55.77000045776367,0.21447846857488276
2217,2022-10-21 00:00:00+00:00,52.666507720947266,55.959999084472656,56.11000061035156,54.9900016784668,55.0,0.18562700657215028
2218,2022-10-24 00:00:00+00:00,54.1817512512207,57.56999969482422,57.72999954223633,56.56999969482422,56.63999938964844,0.22236751612196878
2219,2022-10-25 00:00:00+00:00,55.48052978515625,58.95000076293945,59.11000061035156,57.75,59.040000915527344,0.39836297637295026
2220,2022-10-26 00:00:00+00:00,55.894630432128906,59.38999938964844,59.779998779296875,58.86000061035156,59.0099983215332,0.1979216461524702
2221,2022-10-27 00:00:00+00:00,56.02639389038086,59.529998779296875,59.84000015258789,59.380001068115234,59.77000045776367,0.20092398696055788
2222,2022-10-28 00:00:00+00:00,57.183998107910156,60.7599983215332,60.90999984741211,59.470001220703125,59.56999969482422,0.15254728648221882
2223,2022-10-31 00:00:00+00:00,56.32755661010742,59.849998474121094,60.56999969482422,59.66999816894531,60.5099983215332,0.16993372336521234
2224,2022-11-01 00:00:00+00:00,56.129920959472656,59.63999938964844,60.290000915527344,59.369998931884766,60.029998779296875,0.11816917350044875
2225,2022-11-02 00:00:00+00:00,55.34877014160156,58.810001373291016,60.22999954223633,58.77000045776367,59.63999938964844,0.17814968218672805
2226,2022-11-03 00:00:00+00:00,55.32053756713867,58.779998779296875,59.0,58.099998474121094,58.11000061035156,0.09557066063834055
2227,2022-11-04 00:00:00+00:00,55.77228546142578,59.2599983215332,59.59000015258789,58.560001373291016,59.29999923706055,0.1037727411510361
2228,2022-11-07 00:00:00+00:00,55.98875045776367,59.4900016784668,59.77000045776367,59.2400016784668,59.2599983215332,0.09026143649748497
2229,2022-11-08 00:00:00+00:00,56.0922737121582,59.599998474121094,59.790000915527344,58.939998626708984,59.75,0.1092577572036133
2230,2022-11-09 00:00:00+00:00,55.31112289428711,58.77000045776367,59.63999938964844,58.75,59.59000015258789,0.1097758807328981
2231,2022-11-10 00:00:00+00:00,57.296939849853516,60.880001068115234,61.040000915527344,59.68000030517578,60.25,0.21293180815859516
2232,2022-11-11 00:00:00+00:00,57.71104431152344,61.31999969482422,61.45000076293945,60.209999084472656,61.369998931884766,0.24635231783177644
2233,2022-11-14 00:00:00+00:00,57.15576934814453,60.72999954223633,61.720001220703125,60.709999084472656,61.31999969482422,0.20608825987595877
2234,2022-11-15 00:00:00+00:00,57.0616569519043,60.630001068115234,61.45000076293945,60.0,61.130001068115234,0.15882182410322998
2235,2022-11-16 00:00:00+00:00,56.958126068115234,60.52000045776367,61.029998779296875,60.290000915527344,60.790000915527344,0.1727571881929517
2236,2022-11-17 00:00:00+00:00,57.13694763183594,60.709999084472656,60.7400016784668,60.130001068115234,60.189998626708984,0.126698165287574
2237,2022-11-18 00:00:00+00:00,57.5416374206543,61.13999938964844,61.369998931884766,60.79999923706055,60.9900016784668,0.11440815181019409
2238,2022-11-21 00:00:00+00:00,58.42631912231445,62.08000183105469,62.209999084472656,61.20000076293945,61.40999984741211,0.19126005791880885
2239,2022-11-22 00:00:00+00:00,58.680423736572266,62.349998474121094,62.5,62.04999923706055,62.470001220703125,0.14376848513633128
2240,2022-11-23 00:00:00+00:00,58.94394302368164,62.630001068115234,62.790000915527344,62.29999923706055,62.4900016784668,0.09243107877636494
2241,2022-11-25 00:00:00+00:00,59.00040817260742,62.689998626708984,62.810001373291016,62.380001068115234,62.72999954223633,0.033449808325134854
2242,2022-11-28 00:00:00+00:00,59.00982666015625,62.70000076293945,63.099998474121094,62.560001373291016,62.689998626708984,0.1429650852590772
2243,2022-11-29 00:00:00+00:00,58.802772521972656,62.47999954223633,62.56999969482422,61.97999954223633,62.52000045776367,0.12295102190613946
2244,2022-11-30 00:00:00+00:00,60.29084396362305,63.61000061035156,63.68000030517578,61.75,62.0099983215332,0.42309720675904483
2245,2022-12-01 00:00:00+00:00,60.461456298828125,63.790000915527344,64.11000061035156,63.43000030517578,63.61000061035156,0.1388617319512594
2246,2022-12-02 00:00:00+00:00,60.99223709106445,64.3499984741211,64.5199966430664,63.400001525878906,63.61000061035156,0.16418347741073935
2247,2022-12-05 00:00:00+00:00,60.15816116333008,63.470001220703125,63.79999923706055,63.2599983215332,63.40999984741211,0.09543341958445262
2248,2022-12-06 00:00:00+00:00,60.12971496582031,63.439998626708984,63.880001068115234,63.22999954223633,63.52000045776367,0.10953378134570252
2249,2022-12-07 00:00:00+00:00,60.22450637817383,63.540000915527344,63.720001220703125,63.25,63.45000076293945,0.14358344101872958
2250,2022-12-08 00:00:00+00:00,60.48041534423828,63.810001373291016,63.849998474121094,63.349998474121094,63.599998474121094,0.10716984274334074
2251,2022-12-09 00:00:00+00:00,59.84537124633789,63.13999938964844,63.84000015258789,63.09000015258789,63.61000061035156,0.1683685585371646
2252,2022-12-12 00:00:00+00:00,60.63206481933594,63.970001220703125,64.01000213623047,63.0099983215332,63.29999923706055,0.13341064065357586
2253,2022-12-13 00:00:00+00:00,60.651023864746094,63.9900016784668,64.69999694824219,63.79999923706055,64.58999633789062,0.22398511011667036
2254,2022-12-14 00:00:00+00:00,60.651023864746094,63.9900016784668,64.6500015258789,63.56999969482422,64.19000244140625,0.15158814113931665
2255,2022-12-15 00:00:00+00:00,59.81694030761719,63.11000061035156,63.88999938964844,62.4900016784668,63.59000015258789,0.14211388231810937
2256,2022-12-16 00:00:00+00:00,59.47572326660156,62.75,63.13999938964844,62.33000183105469,62.75,0.47240529596264574
2257,2022-12-19 00:00:00+00:00,59.561031341552734,62.84000015258789,63.40999984741211,62.470001220703125,62.83000183105469,0.12218154678377904
2258,2022-12-20 00:00:00+00:00,59.51363754272461,62.790000915527344,63.150001525878906,62.75,62.81999969482422,0.11241738551166242
2259,2022-12-21 00:00:00+00:00,60.47093200683594,63.79999923706055,64.05000305175781,63.06999969482422,63.06999969482422,0.11434184433472017
2260,2022-12-22 00:00:00+00:00,60.03493881225586,63.34000015258789,63.59000015258789,62.650001525878906,63.41999816894531,0.10285985683753437
2261,2022-12-23 00:00:00+00:00,60.489891052246094,63.81999969482422,63.869998931884766,63.20000076293945,63.5,0.053462329643759236
2262,2022-12-27 00:00:00+00:00,60.85954666137695,64.20999908447266,64.29000091552734,63.709999084472656,63.93000030517578,0.06668373184640106
2263,2022-12-28 00:00:00+00:00,60.25293731689453,63.56999969482422,64.6500015258789,63.4900016784668,64.45999908447266,0.06419643049897147
2264,2022-12-29 00:00:00+00:00,60.61311340332031,63.95000076293945,64.1500015258789,63.70000076293945,63.79999923706055,0.06434909189599289
2265,2022-12-30 00:00:00+00:00,60.29084396362305,63.61000061035156,63.91999816894531,63.16999816894531,63.91999816894531,0.07176473490888119
2266,2023-01-03 00:00:00+00:00,59.66529083251953,62.95000076293945,63.560001373291016,62.18000030517578,63.560001373291016,0.14162351540646484
2267,2023-01-04 00:00:00+00:00,59.6368522644043,62.91999816894531,63.33000183105469,62.5099983215332,63.150001525878906,0.16024203770582304
2268,2023-01-05 00:00:00+00:00,58.95442581176758,62.20000076293945,62.79999923706055,62.08000183105469,62.599998474121094,0.10514206762128872
2269,2023-01-06 00:00:00+00:00,60.0918083190918,63.400001525878906,63.66999816894531,62.58000183105469,62.90999984741211,0.10784525377258697
2270,2023-01-09 00:00:00+00:00,59.3430290222168,62.61000061035156,63.720001220703125,62.58000183105469,63.29999923706055,0.09940415794132254
2271,2023-01-10 00:00:00+00:00,58.88808059692383,62.130001068115234,62.72999954223633,61.91999816894531,62.599998474121094,0.11007503538968752
2272,2023-01-11 00:00:00+00:00,58.77433776855469,62.0099983215332,62.560001373291016,61.40999984741211,62.380001068115234,0.12069039960277197
2273,2023-01-12 00:00:00+00:00,58.01607894897461,61.209999084472656,62.18000030517578,60.970001220703125,62.11000061035156,0.16825136392935017
2274,2023-01-13 00:00:00+00:00,58.22460174560547,61.43000030517578,61.459999084472656,60.59000015258789,60.70000076293945,0.16947111307120807
2275,2023-01-17 00:00:00+00:00,58.46155548095703,61.68000030517578,62.380001068115234,61.560001373291016,61.72999954223633,0.23641699075087821
2276,2023-01-18 00:00:00+00:00,56.68913269042969,59.810001373291016,61.59000015258789,59.68000030517578,61.5099983215332,0.25725912653008354
2277,2023-01-19 00:00:00+00:00,56.60383605957031,59.720001220703125,60.63999938964844,59.709999084472656,59.72999954223633,0.1834743266707171
2278,2023-01-20 00:00:00+00:00,56.94504928588867,60.08000183105469,60.09000015258789,59.400001525878906,59.720001220703125,0.17334624530065046
2279,2023-01-23 00:00:00+00:00,57.08721923828125,60.22999954223633,60.56999969482422,60.04999923706055,60.279998779296875,0.14829898194894636
2280,2023-01-24 00:00:00+00:00,57.39051818847656,60.54999923706055,61.849998474121094,59.79999923706055,60.08000183105469,0.10959237864960972
2281,2023-01-25 00:00:00+00:00,57.75069046020508,60.93000030517578,60.939998626708984,59.88999938964844,60.20000076293945,0.12751852754227488
2282,2023-01-26 00:00:00+00:00,57.636962890625,60.810001373291016,61.099998474121094,60.56999969482422,60.810001373291016,0.13706371994189617
2283,2023-01-27 00:00:00+00:00,57.333648681640625,60.4900016784668,60.959999084472656,60.369998931884766,60.84000015258789,0.17102239959043572
2284,2023-01-30 00:00:00+00:00,57.475826263427734,60.63999938964844,61.16999816894531,60.459999084472656,60.540000915527344,0.1948468297316552
2285,2023-01-31 00:00:00+00:00,58.12034225463867,61.31999969482422,61.34000015258789,60.5099983215332,60.97999954223633,0.1749915959129923
2286,2023-02-01 00:00:00+00:00,58.129817962646484,61.33000183105469,61.58000183105469,60.619998931884766,61.13999938964844,0.14709619518453526
2287,2023-02-02 00:00:00+00:00,57.134605407714844,60.279998779296875,61.02000045776367,59.90999984741211,60.79999923706055,0.21512766502080208
2288,2023-02-03 00:00:00+00:00,56.708091735839844,59.83000183105469,60.41999816894531,59.22999954223633,60.349998474121094,0.1913371596344762
2289,2023-02-06 00:00:00+00:00,57.03034973144531,60.16999816894531,60.34000015258789,59.720001220703125,59.790000915527344,0.12852239188026415
2290,2023-02-07 00:00:00+00:00,56.93556213378906,60.06999969482422,60.2400016784668,59.540000915527344,59.66999816894531,0.18390918034708112
2291,2023-02-08 00:00:00+00:00,56.60383605957031,59.720001220703125,59.91999816894531,59.59000015258789,59.91999816894531,0.12360484445499884
2292,2023-02-09 00:00:00+00:00,56.5090446472168,59.619998931884766,60.31999969482422,59.599998474121094,60.150001525878906,0.1467862462875524
2293,2023-02-10 00:00:00+00:00,56.5090446472168,59.619998931884766,59.900001525878906,58.880001068115234,59.720001220703125,0.17616816809407645
2294,2023-02-13 00:00:00+00:00,57.43790817260742,60.599998474121094,60.7599983215332,59.72999954223633,59.900001525878906,0.20347913781777474
2295,2023-02-14 00:00:00+00:00,56.480613708496094,59.59000015258789,60.900001525878906,59.560001373291016,60.209999084472656,0.2700009560612743
2296,2023-02-15 00:00:00+00:00,56.480613708496094,59.59000015258789,59.93000030517578,59.22999954223633,59.900001525878906,0.15690353341742563
2297,2023-02-16 00:00:00+00:00,56.129920959472656,59.220001220703125,59.81999969482422,58.95000076293945,59.22999954223633,0.20882228671352396
2298,2023-02-17 00:00:00+00:00,56.98295593261719,60.119998931884766,60.22999954223633,59.380001068115234,59.5,0.21308446955561658
2299,2023-02-21 00:00:00+00:00,56.67965316772461,59.79999923706055,60.22999954223633,59.720001220703125,59.9900016784668,0.17397231123186957
2300,2023-02-22 00:00:00+00:00,56.85026550292969,59.97999954223633,60.36000061035156,59.75,59.849998474121094,0.14515631601834406
2301,2023-02-23 00:00:00+00:00,56.954524993896484,60.09000015258789,60.41999816894531,59.810001373291016,60.0099983215332,0.14227579592101086
2302,2023-02-24 00:00:00+00:00,56.717567443847656,59.84000015258789,59.90999984741211,59.38999938964844,59.68000030517578,0.10393157068531092
2303,2023-02-27 00:00:00+00:00,56.698612213134766,59.81999969482422,60.29999923706055,59.7400016784668,60.18000030517578,0.0902629785317983
2304,2023-02-28 00:00:00+00:00,56.40478515625,59.5099983215332,59.70000076293945,59.13999938964844,59.70000076293945,0.20178906821034584
2305,2023-03-01 00:00:00+00:00,55.7887077331543,58.86000061035156,59.18000030517578,58.369998931884766,59.130001068115234,0.15851341724056045
2306,2023-03-02 00:00:00+00:00,56.60383605957031,59.720001220703125,59.779998779296875,58.79999923706055,58.84000015258789,0.13511304653551154
2307,2023-03-03 00:00:00+00:00,56.33843994140625,59.439998626708984,59.68000030517578,59.209999084472656,59.54999923706055,0.15583027753533574
2308,2023-03-06 00:00:00+00:00,57.2104377746582,60.36000061035156,60.380001068115234,59.220001220703125,59.2599983215332,0.20488084700860767
2309,2023-03-07 00:00:00+00:00,56.87869644165039,60.0099983215332,60.56999969482422,59.75,60.4900016784668,0.16908252042424451
2310,2023-03-08 00:00:00+00:00,56.90713119506836,60.040000915527344,60.33000183105469,59.72999954223633,60.040000915527344,0.12113142141638938
2311,2023-03-09 00:00:00+00:00,56.35739517211914,59.459999084472656,60.540000915527344,59.279998779296875,60.540000915527344,0.16815267373329593
2312,2023-03-10 00:00:00+00:00,56.12044143676758,59.209999084472656,60.13999938964844,58.9900016784668,59.70000076293945,0.1657609785132939
2313,2023-03-13 00:00:00+00:00,56.68913269042969,59.810001373291016,60.869998931884766,59.25,59.290000915527344,0.29236507970775366
2314,2023-03-14 00:00:00+00:00,56.89765167236328,60.029998779296875,60.459999084472656,59.349998474121094,60.0,0.25444491390822427
2315,2023-03-15 00:00:00+00:00,57.27678680419922,60.43000030517578,60.47999954223633,59.2400016784668,59.43000030517578,0.2790095205198506
2316,2023-03-16 00:00:00+00:00,57.59196090698242,60.29999923706055,60.34000015258789,59.70000076293945,60.09000015258789,0.19525238475606563
2317,2023-03-17 00:00:00+00:00,57.32453918457031,60.02000045776367,60.349998474121094,59.63999938964844,60.310001373291016,0.3755609149814802
2318,2023-03-20 00:00:00+00:00,57.87849044799805,60.599998474121094,60.599998474121094,59.970001220703125,60.15999984741211,0.15278167569784765
2319,2023-03-21 00:00:00+00:00,57.611061096191406,60.31999969482422,60.75,59.880001068115234,60.56999969482422,0.16530916245948307
2320,2023-03-22 00:00:00+00:00,57.35319137573242,60.04999923706055,60.869998931884766,60.029998779296875,60.400001525878906,0.11562019078048527
2321,2023-03-23 00:00:00+00:00,57.229026794433594,59.91999816894531,60.38999938964844,59.720001220703125,60.09000015258789,0.19248751723223348
2322,2023-03-24 00:00:00+00:00,58.16501998901367,60.900001525878906,61.02000045776367,59.90999984741211,60.25,0.15388423023189116
2323,2023-03-27 00:00:00+00:00,58.59480667114258,61.349998474121094,61.47999954223633,60.95000076293945,61.13999938964844,0.1508279182228363
2324,2023-03-28 00:00:00+00:00,58.661659240722656,61.41999816894531,61.7400016784668,61.27000045776367,61.38999938964844,0.12227406884257991
2325,2023-03-29 00:00:00+00:00,59.0819091796875,61.86000061035156,61.95000076293945,61.59000015258789,61.720001220703125,0.09937948539230898
2326,2023-03-30 00:00:00+00:00,59.072349548339844,61.849998474121094,62.09000015258789,61.65999984741211,61.880001068115234,0.10600560683676336
2327,2023-03-31 00:00:00+00:00,59.244266510009766,62.029998779296875,62.25,61.869998931884766,62.060001373291016,0.17647965902537266
2328,2023-04-03 00:00:00+00:00,59.59764862060547,62.400001525878906,62.52000045776367,61.86000061035156,62.29999923706055,0.14347704065110858
2329,2023-04-04 00:00:00+00:00,59.41618347167969,62.209999084472656,62.7400016784668,62.08000183105469,62.38999938964844,0.13010297705144536
2330,2023-04-05 00:00:00+00:00,59.97968292236328,62.79999923706055,63.02000045776367,62.5,62.529998779296875,0.1510160464090647
2331,2023-04-06 00:00:00+00:00,60.01789474487305,62.84000015258789,63.040000915527344,62.380001068115234,62.86000061035156,0.10251289911703118
2332,2023-04-10 00:00:00+00:00,59.874629974365234,62.689998626708984,62.689998626708984,62.02000045776367,62.4900016784668,0.07642784667244418
2333,2023-04-11 00:00:00+00:00,59.76957321166992,62.58000183105469,62.709999084472656,62.400001525878906,62.650001525878906,0.10665788735130935
2334,2023-04-12 00:00:00+00:00,59.874629974365234,62.689998626708984,63.029998779296875,62.310001373291016,62.47999954223633,0.10173417178879066
2335,2023-04-13 00:00:00+00:00,60.313968658447266,63.150001525878906,63.15999984741211,62.47999954223633,62.7599983215332,0.10601640107695678
2336,2023-04-14 00:00:00+00:00,60.21846389770508,63.04999923706055,63.150001525878906,62.779998779296875,63.04999923706055,0.09174641554123864
2337,2023-04-17 00:00:00+00:00,60.610042572021484,63.459999084472656,63.529998779296875,63.13999938964844,63.31999969482422,0.09955527730403058
2338,2023-04-18 00:00:00+00:00,60.70555877685547,63.560001373291016,63.599998474121094,63.189998626708984,63.5099983215332,0.09312962032031138
2339,2023-04-19 00:00:00+00:00,60.820167541503906,63.68000030517578,63.83000183105469,63.43000030517578,63.72999954223633,0.10444506811165563
2340,2023-04-20 00:00:00+00:00,61.087589263916016,63.959999084472656,64.0,63.439998626708984,63.630001068115234,0.11889238759340875
2341,2023-04-21 00:00:00+00:00,61.17355728149414,64.05000305175781,64.2699966430664,63.79999923706055,64.0,0.1531980249624515
2342,2023-04-24 00:00:00+00:00,61.07804489135742,63.95000076293945,64.98999786376953,63.619998931884766,64.75,0.19330942152124772
2343,2023-04-25 00:00:00+00:00,60.98252868652344,63.849998474121094,64.16999816894531,63.630001068115234,64.16999816894531,0.15146786246287555
2344,2023-04-26 00:00:00+00:00,60.69600296020508,63.54999923706055,63.77000045776367,63.38999938964844,63.560001373291016,0.15702998023112014
2345,2023-04-27 00:00:00+00:00,60.820167541503906,63.68000030517578,63.7599983215332,63.11000061035156,63.529998779296875,0.16653199566996768
2346,2023-04-28 00:00:00+00:00,61.26906204223633,64.1500015258789,64.16000366210938,63.47999954223633,63.61000061035156,0.1648496362341055
2347,2023-05-01 00:00:00+00:00,61.41232681274414,64.30000305175781,64.69000244140625,64.05999755859375,64.1500015258789,0.09399007546715932
2348,2023-05-02 00:00:00+00:00,61.135345458984375,64.01000213623047,64.13999938964844,63.27000045776367,64.13999938964844,0.1226241106317098
2349,2023-05-03 00:00:00+00:00,60.7915153503418,63.650001525878906,64.18000030517578,63.58000183105469,64.0199966430664,0.12472436136648915
2350,2023-05-04 00:00:00+00:00,60.85837173461914,63.720001220703125,63.93000030517578,63.5099983215332,63.7400016784668,0.13788870829953712
2351,2023-05-05 00:00:00+00:00,61.144893646240234,64.0199966430664,64.20999908447266,63.630001068115234,63.63999938964844,0.09315429286932495
2352,2023-05-08 00:00:00+00:00,61.04938507080078,63.91999816894531,64.05999755859375,63.61000061035156,63.810001373291016,0.06545010439572302
2353,2023-05-09 00:00:00+00:00,60.54319381713867,63.38999938964844,63.75,63.279998779296875,63.63999938964844,0.09362307130058259
2354,2023-05-10 00:00:00+00:00,60.64824676513672,63.5,63.63999938964844,62.9900016784668,63.31999969482422,0.11006578318380741
2355,2023-05-11 00:00:00+00:00,60.992088317871094,63.86000061035156,63.93000030517578,63.0099983215332,63.58000183105469,0.10154604360256225
2356,2023-05-12 00:00:00+00:00,61.23085403442383,64.11000061035156,64.19000244140625,63.70000076293945,63.86000061035156,0.08856365671848931
2357,2023-05-15 00:00:00+00:00,61.0684928894043,63.939998626708984,64.25,63.709999084472656,64.22000122070312,0.07947182240699222
2358,2023-05-16 00:00:00+00:00,60.38082504272461,63.220001220703125,63.900001525878906,63.15999984741211,63.900001525878906,0.09457759054054474
2359,2023-05-17 00:00:00+00:00,60.313968658447266,63.150001525878906,63.41999816894531,62.72999954223633,63.400001525878906,0.1324098603842133
2360,2023-05-18 00:00:00+00:00,59.97968292236328,62.79999923706055,63.040000915527344,62.56999969482422,63.0099983215332,0.16343713280307917
2361,2023-05-19 00:00:00+00:00,60.00834274291992,62.83000183105469,63.099998474121094,62.61000061035156,63.040000915527344,0.17341409481043774
2362,2023-05-22 00:00:00+00:00,58.74761962890625,61.5099983215332,62.869998931884766,61.439998626708984,62.790000915527344,0.1859554598808933
2363,2023-05-23 00:00:00+00:00,58.64255905151367,61.400001525878906,61.66999816894531,61.16999816894531,61.5099983215332,0.16864304064494046
2364,2023-05-24 00:00:00+00:00,58.14591598510742,60.880001068115234,61.43000030517578,60.720001220703125,61.380001068115234,0.12480917325372326
2365,2023-05-25 00:00:00+00:00,57.697021484375,60.40999984741211,60.72999954223633,60.150001525878906,60.470001220703125,0.17682970081450256
2366,2023-05-26 00:00:00+00:00,57.55375671386719,60.2599983215332,60.63999938964844,60.11000061035156,60.45000076293945,0.14763436515989356
2367,2023-05-30 00:00:00+00:00,57.09531021118164,59.779998779296875,60.20000076293945,59.52000045776367,60.09000015258789,0.19488075448654887
2368,2023-05-31 00:00:00+00:00,56.9807014465332,59.65999984741211,60.279998779296875,59.369998931884766,59.91999816894531,0.8702609430465048
2369,2023-06-01 00:00:00+00:00,57.30543899536133,60.0,60.16999816894531,59.77000045776367,59.939998626708984,0.1604702587841985
2370,2023-06-02 00:00:00+00:00,58.4133415222168,61.15999984741211,61.31999969482422,60.08000183105469,60.27000045776367,0.1890534068164085
2371,2023-06-05 00:00:00+00:00,58.02175521850586,60.75,61.439998626708984,60.54999923706055,61.0,0.15295900964388262
2372,2023-06-06 00:00:00+00:00,57.60151672363281,60.310001373291016,60.9900016784668,60.119998931884766,60.95000076293945,0.12254855095035577
2373,2023-06-07 00:00:00+00:00,57.51555252075195,60.220001220703125,60.36000061035156,59.81999969482422,60.0099983215332,0.2131338146536437
2374,2023-06-08 00:00:00+00:00,57.65882110595703,60.369998931884766,60.40999984741211,59.97999954223633,60.130001068115234,0.194135951913202
2375,2023-06-09 00:00:00+00:00,57.754329681396484,60.470001220703125,60.66999816894531,60.16999816894531,60.27000045776367,0.14780707300298848
2376,2023-06-12 00:00:00+00:00,57.50600051879883,60.209999084472656,60.650001525878906,60.02000045776367,60.59000015258789,0.17290213941840638
2377,2023-06-13 00:00:00+00:00,57.735225677490234,60.45000076293945,60.66999816894531,60.040000915527344,60.209999084472656,0.16039469910284446
2378,2023-06-14 00:00:00+00:00,58.12681579589844,60.86000061035156,61.08000183105469,60.599998474121094,60.72999954223633,0.17121823794823085
2379,2023-06-15 00:00:00+00:00,58.925575256347656,61.22999954223633,61.29999923706055,60.34000015258789,60.61000061035156,0.18928625399772397
2380,2023-06-16 00:00:00+00:00,59.34901809692383,61.66999816894531,62.16999816894531,61.47999954223633,61.599998474121094,0.3660712358171394
2381,2023-06-20 00:00:00+00:00,58.954444885253906,61.2599983215332,61.959999084472656,61.2400016784668,61.59000015258789,0.16924597606145933
2382,2023-06-21 00:00:00+00:00,59.11804962158203,61.43000030517578,61.720001220703125,60.97999954223633,61.310001373291016,0.16888976613507606
2383,2023-06-22 00:00:00+00:00,59.522239685058594,61.849998474121094,62.099998474121094,61.59000015258789,61.810001373291016,0.1880834672333129
2384,2023-06-23 00:00:00+00:00,58.896705627441406,61.20000076293945,61.970001220703125,61.18000030517578,61.939998626708984,0.34090215175468086
2385,2023-06-26 00:00:00+00:00,58.91595458984375,61.220001220703125,61.290000915527344,60.38999938964844,61.209999084472656,0.15204149922744084
2386,2023-06-27 00:00:00+00:00,58.79084396362305,61.09000015258789,61.36000061035156,60.97999954223633,61.220001220703125,0.09363540757508937
2387,2023-06-28 00:00:00+00:00,58.2422981262207,60.52000045776367,61.040000915527344,60.400001525878906,60.880001068115234,0.12609060376811507
2388,2023-06-29 00:00:00+00:00,57.76111602783203,60.02000045776367,60.349998474121094,59.77000045776367,60.220001220703125,0.21813617396614313
2389,2023-06-30 00:00:00+00:00,57.95358657836914,60.220001220703125,60.349998474121094,59.869998931884766,60.0,0.25814733829457176
2390,2023-07-03 00:00:00+00:00,58.30004119873047,60.58000183105469,60.630001068115234,60.029998779296875,60.20000076293945,0.10328854237664498
2391,2023-07-05 00:00:00+00:00,58.73310089111328,61.029998779296875,61.099998474121094,60.15999984741211,60.279998779296875,0.18073104762727182
2392,2023-07-06 00:00:00+00:00,58.280792236328125,60.560001373291016,61.02000045776367,60.5,60.72999954223633,0.14815248868917832
2393,2023-07-07 00:00:00+00:00,57.51089859008789,59.7599983215332,60.5,59.72999954223633,60.310001373291016,0.17840103377980368
2394,2023-07-10 00:00:00+00:00,57.07783889770508,59.310001373291016,60.150001525878906,59.13999938964844,59.970001220703125,0.19251218978124704
2395,2023-07-11 00:00:00+00:00,57.27993392944336,59.52000045776367,59.560001373291016,58.84000015258789,59.459999084472656,0.20006044774508325
2396,2023-07-12 00:00:00+00:00,57.587890625,59.84000015258789,60.04999923706055,59.45000076293945,59.75,0.17340175853593096
2397,2023-07-13 00:00:00+00:00,58.07869338989258,60.349998474121094,60.459999084472656,59.97999954223633,60.119998931884766,0.12758020891480878
2398,2023-07-14 00:00:00+00:00,58.60799789428711,60.900001525878906,61.040000915527344,60.09000015258789,60.13999938964844,0.1331592890605002
2399,2023-07-17 00:00:00+00:00,58.52138900756836,60.810001373291016,61.099998474121094,60.4900016784668,60.7599983215332,0.10821996811073042
2400,2023-07-18 00:00:00+00:00,58.29041290283203,60.56999969482422,61.25,60.40999984741211,60.959999084472656,0.1257775708025055
2401,2023-07-19 00:00:00+00:00,59.32014465332031,61.63999938964844,61.790000915527344,60.68000030517578,60.77000045776367,0.15327358464380553
2402,2023-07-20 00:00:00+00:00,60.04191970825195,62.38999938964844,62.40999984741211,61.66999816894531,61.68000030517578,0.1321014535215438
2403,2023-07-21 00:00:00+00:00,60.09003448486328,62.439998626708984,62.68000030517578,62.2400016784668,62.459999084472656,0.15137996650701474
2404,2023-07-24 00:00:00+00:00,60.109283447265625,62.459999084472656,62.810001373291016,62.400001525878906,62.41999816894531,0.11187150536473739
2405,2023-07-25 00:00:00+00:00,59.907188415527344,62.25,62.38999938964844,62.04999923706055,62.29999923706055,0.160778665646868
2406,2023-07-26 00:00:00+00:00,60.67708206176758,63.04999923706055,63.16999816894531,61.38999938964844,61.86000061035156,0.21818551906417025
2407,2023-07-27 00:00:00+00:00,60.09003448486328,62.439998626708984,63.27000045776367,62.380001068115234,63.04999923706055,0.13139365977171727
2408,2023-07-28 00:00:00+00:00,60.1285285949707,62.47999954223633,62.77000045776367,62.220001220703125,62.59000015258789,0.10370951774418885
2409,2023-07-31 00:00:00+00:00,59.5992317199707,61.93000030517578,62.45000076293945,61.72999954223633,62.45000076293945,0.1940125891681342
2410,2023-08-01 00:00:00+00:00,59.44525146484375,61.77000045776367,62.36000061035156,61.619998931884766,62.09000015258789,0.09692148269683298
2411,2023-08-02 00:00:00+00:00,59.62810134887695,61.959999084472656,62.59000015258789,61.560001373291016,61.560001373291016,0.12433576871952556
2412,2023-08-03 00:00:00+00:00,59.32014465332031,61.63999938964844,62.119998931884766,61.529998779296875,61.869998931884766,0.07773549177016287
2413,2023-08-04 00:00:00+00:00,58.425148010253906,60.709999084472656,61.88999938964844,60.619998931884766,61.68000030517578,0.09807800843184364
2414,2023-08-07 00:00:00+00:00,58.88707733154297,61.189998626708984,61.33000183105469,60.7400016784668,60.790000915527344,0.061470113832973024
2415,2023-08-08 00:00:00+00:00,58.62723922729492,60.91999816894531,61.349998474121094,60.619998931884766,61.189998626708984,0.07648181787341132
2416,2023-08-09 00:00:00+00:00,58.7619743347168,61.060001373291016,61.630001068115234,60.75,60.90999984741211,0.07567996003047062
2417,2023-08-10 00:00:00+00:00,58.62723922729492,60.91999816894531,61.72999954223633,60.790000915527344,61.349998474121094,0.07515875243255915
2418,2023-08-11 00:00:00+00:00,58.86783218383789,61.16999816894531,61.20000076293945,60.689998626708984,60.84000015258789,0.08461296480769293
2419,2023-08-14 00:00:00+00:00,58.58875274658203,60.880001068115234,61.47999954223633,60.75,61.31999969482422,0.06445703429792721
2420,2023-08-15 00:00:00+00:00,58.19417953491211,60.470001220703125,60.900001525878906,60.369998931884766,60.689998626708984,0.06462820010670878
2421,2023-08-16 00:00:00+00:00,58.20380401611328,60.47999954223633,60.81999969482422,60.400001525878906,60.540000915527344,0.08289976468556379
2422,2023-08-17 00:00:00+00:00,58.32890701293945,60.61000061035156,61.02000045776367,60.45000076293945,60.58000183105469,0.1523098131979633
2423,2023-08-18 00:00:00+00:00,58.65611267089844,60.95000076293945,61.09000015258789,60.369998931884766,60.540000915527344,0.12468889457728216
2424,2023-08-21 00:00:00+00:00,58.15568161010742,60.43000030517578,60.93000030517578,60.31999969482422,60.86000061035156,0.0871588634590297
2425,2023-08-22 00:00:00+00:00,57.79961013793945,60.060001373291016,60.58000183105469,59.97999954223633,60.34000015258789,0.09893537951006487
2426,2023-08-23 00:00:00+00:00,58.001705169677734,60.27000045776367,60.439998626708984,60.15999984741211,60.20000076293945,0.0732959749820353
2427,2023-08-24 00:00:00+00:00,57.84772872924805,60.11000061035156,60.880001068115234,60.09000015258789,60.27000045776367,0.09188674066375327
2428,2023-08-25 00:00:00+00:00,58.117191314697266,60.38999938964844,60.56999969482422,60.0099983215332,60.40999984741211,0.0714409077030782
2429,2023-08-28 00:00:00+00:00,58.280792236328125,60.560001373291016,60.72999954223633,60.369998931884766,60.54999923706055,0.05023947792886287
2430,2023-08-29 00:00:00+00:00,58.223052978515625,60.5,60.630001068115234,60.150001525878906,60.560001373291016,0.08008246799507784
2431,2023-08-30 00:00:00+00:00,58.19417953491211,60.470001220703125,60.7400016784668,60.290000915527344,60.63999938964844,0.09948588575992995
2432,2023-08-31 00:00:00+00:00,57.57826614379883,59.83000183105469,60.470001220703125,59.810001373291016,60.29999923706055,0.17991222740688428
2433,2023-09-01 00:00:00+00:00,57.07783889770508,59.310001373291016,60.130001068115234,59.119998931884766,60.0,0.127385912591327
2434,2023-09-05 00:00:00+00:00,56.60627746582031,58.81999969482422,59.31999969482422,58.66999816894531,59.25,0.14615863832201997
2435,2023-09-06 00:00:00+00:00,56.567779541015625,58.779998779296875,58.83000183105469,58.41999816894531,58.619998931884766,0.16850117348811247
2436,2023-09-07 00:00:00+00:00,56.13472366333008,58.33000183105469,59.15999984741211,58.29999923706055,58.95000076293945,0.2256350868319522
2437,2023-09-08 00:00:00+00:00,56.13472366333008,58.33000183105469,58.40999984741211,58.0099983215332,58.29999923706055,0.1744966028984077
2438,2023-09-11 00:00:00+00:00,56.664024353027344,58.880001068115234,58.9900016784668,58.22999954223633,58.400001525878906,0.18151440105845237
2439,2023-09-12 00:00:00+00:00,56.10585021972656,58.29999923706055,59.0,58.189998626708984,58.9900016784668,0.14335367790604078
2440,2023-09-13 00:00:00+00:00,56.240577697753906,58.439998626708984,58.68000030517578,58.34000015258789,58.400001525878906,0.14873075155668367
2441,2023-09-14 00:00:00+00:00,56.7061767578125,58.459999084472656,58.59000015258789,58.189998626708984,58.2400016784668,0.14364512239126348
2442,2023-09-15 00:00:00+00:00,56.2017822265625,57.939998626708984,58.63999938964844,57.75,58.40999984741211,0.8125626451439798
2443,2023-09-18 00:00:00+00:00,56.55097579956055,58.29999923706055,58.349998474121094,57.630001068115234,57.97999954223633,0.16378100645495566
2444,2023-09-19 00:00:00+00:00,56.43457794189453,58.18000030517578,58.38999938964844,57.91999816894531,58.2599983215332,0.1388231810934257
2445,2023-09-20 00:00:00+00:00,56.68677520751953,58.439998626708984,58.83000183105469,58.08000183105469,58.29999923706055,0.1815020647839456
2446,2023-09-21 00:00:00+00:00,55.813777923583984,57.540000915527344,58.41999816894531,57.41999816894531,58.369998931884766,0.1996240520344059
2447,2023-09-22 00:00:00+00:00,55.871978759765625,57.599998474121094,57.970001220703125,57.5,57.849998474121094,0.17961307275009486
2448,2023-09-25 00:00:00+00:00,55.28997802734375,57.0,57.4900016784668,56.7400016784668,57.400001525878906,0.1443729625871635
2449,2023-09-26 00:00:00+00:00,54.83407974243164,56.529998779296875,56.900001525878906,56.400001525878906,56.72999954223633,0.12642214114548478
2450,2023-09-27 00:00:00+00:00,54.271480560302734,55.95000076293945,56.529998779296875,55.68000030517578,56.41999816894531,0.16607709554753014
2451,2023-09-28 00:00:00+00:00,54.13568115234375,55.810001373291016,56.31999969482422,55.70000076293945,56.22999954223633,0.1463159258219814
2452,2023-09-29 00:00:00+00:00,54.30057907104492,55.97999954223633,56.27000045776367,55.619998931884766,56.13999938964844,0.1430036361169109
2453,2023-10-02 00:00:00+00:00,53.815574645996094,55.47999954223633,56.0099983215332,55.08000183105469,55.90999984741211,0.13564042227067638
2454,2023-10-03 00:00:00+00:00,53.233577728271484,54.880001068115234,55.43000030517578,54.779998779296875,55.15999984741211,0.16357745792559378
2455,2023-10-04 00:00:00+00:00,53.38877868652344,55.040000915527344,55.279998779296875,54.709999084472656,54.88999938964844,0.1403898879557868
2456,2023-10-05 00:00:00+00:00,50.8085823059082,52.380001068115234,54.95000076293945,52.2400016784668,54.7400016784668,0.41452658004545917
2457,2023-10-06 00:00:00+00:00,51.545780181884766,53.13999938964844,53.290000915527344,51.54999923706055,52.040000915527344,0.4209090600684047
2458,2023-10-09 00:00:00+00:00,51.293582916259766,52.880001068115234,53.150001525878906,52.11000061035156,52.959999084472656,0.19596788867745887
2459,2023-10-10 00:00:00+00:00,52.40907669067383,54.029998779296875,54.33000183105469,53.560001373291016,54.130001068115234,0.27623077468719837
2460,2023-10-11 00:00:00+00:00,52.09868240356445,53.709999084472656,54.279998779296875,53.02000045776367,54.220001220703125,0.27976511733339093
2461,2023-10-12 00:00:00+00:00,51.22568130493164,52.810001373291016,53.83000183105469,52.43000030517578,53.7599983215332,0.25187742677650066
2462,2023-10-13 00:00:00+00:00,51.303279876708984,52.88999938964844,53.41999816894531,52.63999938964844,52.7400016784668,0.17730773145164028
2463,2023-10-16 00:00:00+00:00,51.82707977294922,53.43000030517578,53.560001373291016,52.84000015258789,53.02000045776367,0.15143547974229524
2464,2023-10-17 00:00:00+00:00,52.4478759765625,54.06999969482422,54.099998474121094,53.209999084472656,53.310001373291016,0.20757169688539914
2465,2023-10-18 00:00:00+00:00,52.42848205566406,54.04999923706055,54.529998779296875,53.91999816894531,54.099998474121094,0.15132291123742087
2466,2023-10-19 00:00:00+00:00,52.719482421875,54.349998474121094,54.7599983215332,53.86000061035156,54.15999984741211,0.20363950938636288
2467,2023-10-20 00:00:00+00:00,52.93288040161133,54.56999969482422,55.02000045776367,54.439998626708984,54.529998779296875,0.19550373634914125
2468,2023-10-23 00:00:00+00:00,52.457584381103516,54.08000183105469,54.88999938964844,54.04999923706055,54.380001068115234,0.2809031386566414
2469,2023-10-24 00:00:00+00:00,53.97077941894531,55.63999938964844,56.16999816894531,55.29999923706055,55.650001525878906,0.34378883998926746
2470,2023-10-25 00:00:00+00:00,54.43638229370117,56.119998931884766,56.220001220703125,55.560001373291016,55.7599983215332,0.2113311765413404
2471,2023-10-26 00:00:00+00:00,54.1065788269043,55.779998779296875,56.630001068115234,55.720001220703125,56.369998931884766,0.20404352237645992
2472,2023-10-27 00:00:00+00:00,53.58277893066406,55.2400016784668,56.13999938964844,55.099998474121094,55.54999923706055,0.1639213315774703
2473,2023-10-30 00:00:00+00:00,54.46548080444336,56.150001525878906,56.279998779296875,55.41999816894531,55.43000030517578,0.18532168377810745
2474,2023-10-31 00:00:00+00:00,54.79528045654297,56.4900016784668,56.720001220703125,56.150001525878906,56.56999969482422,0.21038128340431836
2475,2023-11-01 00:00:00+00:00,54.74677658081055,56.439998626708984,56.880001068115234,56.2599983215332,56.79999923706055,0.17138940375701242
2476,2023-11-02 00:00:00+00:00,55.377281188964844,57.09000015258789,57.150001525878906,56.36000061035156,56.5,0.155605140525587
2477,2023-11-03 00:00:00+00:00,55.03778076171875,56.7400016784668,57.59000015258789,56.70000076293945,57.400001525878906,0.16901004481151716
2478,2023-11-06 00:00:00+00:00,55.26088333129883,56.970001220703125,57.279998779296875,56.7400016784668,56.779998779296875,0.14922111846832817
2479,2023-11-07 00:00:00+00:00,55.46458053588867,57.18000030517578,57.400001525878906,56.72999954223633,56.91999816894531,0.11492781737379223
2480,2023-11-08 00:00:00+00:00,55.377281188964844,57.09000015258789,57.470001220703125,56.91999816894531,57.31999969482422,0.16573322189565365
2481,2023-11-09 00:00:00+00:00,54.960174560546875,56.65999984741211,57.13999938964844,56.369998931884766,57.029998779296875,0.13916551271098887
2482,2023-11-10 00:00:00+00:00,55.01838302612305,56.720001220703125,56.93000030517578,56.060001373291016,56.869998931884766,0.13388867129071358
2483,2023-11-13 00:00:00+00:00,55.22208023071289,56.93000030517578,57.099998474121094,56.599998474121094,56.619998931884766,0.1511486613600126
2484,2023-11-14 00:00:00+00:00,55.3869743347168,57.099998474121094,57.2400016784668,56.810001373291016,57.02000045776367,0.14958966466921825
2485,2023-11-15 00:00:00+00:00,55.493675231933594,57.209999084472656,57.34000015258789,56.75,57.29999923706055,0.1111128244825704
2486,2023-11-16 00:00:00+00:00,55.435482025146484,57.150001525878906,57.529998779296875,56.810001373291016,57.25,0.2006818875733623
2487,2023-11-17 00:00:00+00:00,55.54217529296875,57.2599983215332,57.34000015258789,56.70000076293945,57.189998626708984,0.17701782900073096
2488,2023-11-20 00:00:00+00:00,55.677978515625,57.400001525878906,57.58000183105469,56.959999084472656,57.04999923706055,0.1550469241041552
2489,2023-11-21 00:00:00+00:00,56.28908157348633,58.029998779296875,58.040000915527344,57.33000183105469,57.459999084472656,0.16800926454215462
2490,2023-11-22 00:00:00+00:00,56.66737747192383,58.41999816894531,58.540000915527344,58.130001068115234,58.2599983215332,0.12836356234598933
2491,2023-11-24 00:00:00+00:00,56.8128776550293,58.56999969482422,58.75,58.34000015258789,58.459999084472656,0.028060398399985205
2492,2023-11-27 00:00:00+00:00,56.7061767578125,58.459999084472656,58.689998626708984,58.27000045776367,58.540000915527344,0.20432263058717584
2493,2023-11-28 00:00:00+00:00,56.82258224487305,58.58000183105469,58.83000183105469,58.36000061035156,58.400001525878906,0.16566537238586634
2494,2023-11-29 00:00:00+00:00,56.48308181762695,58.22999954223633,58.66999816894531,58.099998474121094,58.58000183105469,0.12748460278738125
2495,2023-11-30 00:00:00+00:00,57.138153076171875,58.439998626708984,58.459999084472656,57.599998474121094,57.959999084472656,0.30426187443522995
2496,2023-12-01 00:00:00+00:00,57.33369827270508,58.63999938964844,58.689998626708984,58.2400016784668,58.27000045776367,0.19080053169343128
2497,2023-12-04 00:00:00+00:00,57.2652587890625,58.56999969482422,58.959999084472656,58.439998626708984,58.59000015258789,0.18420987703818387
2498,2023-12-05 00:00:00+00:00,57.35325241088867,58.65999984741211,58.83000183105469,58.41999816894531,58.54999923706055,0.13716703624089047
2499,2023-12-06 00:00:00+00:00,57.29458999633789,58.599998474121094,58.72999954223633,58.209999084472656,58.560001373291016,0.18307339774924675
2500,2023-12-07 00:00:00+00:00,57.43147277832031,58.7400016784668,58.88999938964844,58.38999938964844,58.66999816894531,0.13248542006556732
2501,2023-12-08 00:00:00+00:00,57.30436706542969,58.61000061035156,58.75,58.369998931884766,58.7400016784668,0.12615845327790237
2502,2023-12-11 00:00:00+00:00,57.724788665771484,59.040000915527344,59.09000015258789,58.5,58.83000183105469,0.17777342581427125
2503,2023-12-12 00:00:00+00:00,58.09632110595703,59.41999816894531,59.41999816894531,58.900001525878906,59.20000076293945,0.1527030319478669
2504,2023-12-13 00:00:00+00:00,58.5949592590332,59.93000030517578,60.02000045776367,59.2599983215332,59.45000076293945,0.20355623953344212
2505,2023-12-14 00:00:00+00:00,57.724788665771484,59.040000915527344,60.040000915527344,58.77000045776367,59.970001220703125,0.30041912492636785
2506,2023-12-15 00:00:00+00:00,57.29458999633789,58.599998474121094,59.16999816894531,57.79999923706055,58.83000183105469,0.9587752546669669
2507,2023-12-18 00:00:00+00:00,57.70523452758789,59.02000045776367,59.4900016784668,58.619998931884766,58.79999923706055,0.21158869627166946
2508,2023-12-19 00:00:00+00:00,57.519466400146484,58.83000183105469,59.20000076293945,58.63999938964844,59.0,0.179121163804137
2509,2023-12-20 00:00:00+00:00,56.32664489746094,57.61000061035156,58.66999816894531,57.56999969482422,58.5,0.22675151967481585
2510,2023-12-21 00:00:00+00:00,56.69818115234375,57.9900016784668,58.06999969482422,57.470001220703125,57.849998474121094,0.13460109114348015
2511,2023-12-22 00:00:00+00:00,57.02082443237305,58.31999969482422,58.459999084472656,58.02000045776367,58.119998931884766,0.09301859384975036
2512,2023-12-26 00:00:00+00:00,57.25547790527344,58.560001373291016,58.709999084472656,58.060001373291016,58.060001373291016,0.05283317964391344
2513,2023-12-27 00:00:00+00:00,57.402137756347656,58.709999084472656,58.77000045776367,58.400001525878906,58.63999938964844,0.08579570512603049
2514,2023-12-28 00:00:00+00:00,57.44124984741211,58.75,58.869998931884766,58.529998779296875,58.650001525878906,0.08332845022467442
2515,2023-12-29 00:00:00+00:00,57.61723709106445,58.93000030517578,58.97999954223633,58.630001068115234,58.7400016784668,0.09630466897149398
2516,2024-01-02 00:00:00+00:00,58.48741149902344,59.81999969482422,59.880001068115234,58.66999816894531,58.79999923706055,0.20549611869963333
2517,2024-01-03 00:00:00+00:00,58.624290466308594,59.959999084472656,60.20000076293945,59.7599983215332,59.93000030517578,0.18248896674448803
2518,2024-01-04 00:00:00+00:00,58.42874526977539,59.7599983215332,60.2599983215332,59.65999984741211,60.04999923706055,0.15291737471742223
2519,2024-01-05 00:00:00+00:00,58.34075164794922,59.66999816894531,59.95000076293945,59.09000015258789,59.79999923706055,0.11434338636903349
2520,2024-01-08 00:00:00+00:00,58.77095413208008,60.11000061035156,60.18000030517578,59.41999816894531,59.68000030517578,0.13197192263922258
2521,2024-01-09 00:00:00+00:00,58.66340637207031,60.0,60.13999938964844,59.619998931884766,59.9900016784668,0.11561248060891852
2522,2024-01-10 00:00:00+00:00,58.85894775390625,60.20000076293945,60.40999984741211,59.97999954223633,60.220001220703125,0.14281859199930919
2523,2024-01-11 00:00:00+00:00,58.477638244628906,59.810001373291016,60.2599983215332,59.689998626708984,60.25,0.1658905093956151
2524,2024-01-12 00:00:00+00:00,59.04471206665039,60.38999938964844,60.459999084472656,59.869998931884766,60.08000183105469,0.15760515902999875
2525,2024-01-16 00:00:00+00:00,58.65362548828125,59.9900016784668,60.43000030517578,59.849998474121094,60.38999938964844,0.13617088207446795
2526,2024-01-17 00:00:00+00:00,58.65362548828125,59.9900016784668,60.209999084472656,59.81999969482422,59.86000061035156,0.09230308992835709
2527,2024-01-18 00:00:00+00:00,58.8198356628418,60.15999984741211,60.22999954223633,59.529998779296875,59.689998626708984,0.11413212766810488
2528,2024-01-19 00:00:00+00:00,58.4971923828125,59.83000183105469,60.279998779296875,59.63999938964844,60.2599983215332,0.17265849799689745
2529,2024-01-22 00:00:00+00:00,58.24298095703125,59.56999969482422,60.06999969482422,59.439998626708984,59.7599983215332,0.17452744358467467
2530,2024-01-23 00:00:00+00:00,58.51674270629883,59.849998474121094,60.0,59.459999084472656,59.529998779296875,0.1771072669909051
2531,2024-01-24 00:00:00+00:00,57.59768295288086,58.90999984741211,59.810001373291016,58.88999938964844,59.79999923706055,0.20623475313572678
2532,2024-01-25 00:00:00+00:00,57.84211349487305,59.15999984741211,59.16999816894531,58.65999984741211,59.0099983215332,0.18355451245501117
2533,2024-01-26 00:00:00+00:00,58.04743576049805,59.369998931884766,59.4900016784668,59.130001068115234,59.25,0.15464753721699817
2534,2024-01-29 00:00:00+00:00,58.399417877197266,59.72999954223633,59.790000915527344,59.16999816894531,59.34000015258789,0.17811729946614774
2535,2024-01-30 00:00:00+00:00,58.565635681152344,59.900001525878906,60.02000045776367,59.45000076293945,59.849998474121094,0.29399192590833534
2536,2024-01-31 00:00:00+00:00,58.16476821899414,59.4900016784668,60.45000076293945,59.290000915527344,60.099998474121094,0.3059504020083455
2537,2024-02-01 00:00:00+00:00,59.6215705871582,60.97999954223633,61.0099983215332,59.36000061035156,59.56999969482422,0.1985307497062425
2538,2024-02-02 00:00:00+00:00,59.19137191772461,60.540000915527344,60.869998931884766,60.22999954223633,60.81999969482422,0.22432281563129344
2539,2024-02-05 00:00:00+00:00,58.702510833740234,60.040000915527344,60.380001068115234,59.880001068115234,60.380001068115234,0.15055343611506045
2540,2024-02-06 00:00:00+00:00,58.604740142822266,59.939998626708984,60.04999923706055,59.68000030517578,59.959999084472656,0.15079399346794267
2541,2024-02-07 00:00:00+00:00,58.65362548828125,59.9900016784668,60.209999084472656,59.939998626708984,60.06999969482422,0.11200720438431197
2542,2024-02-08 00:00:00+00:00,58.4971923828125,59.83000183105469,59.970001220703125,59.40999984741211,59.88999938964844,0.1523298596440368
2543,2024-02-09 00:00:00+00:00,58.23320770263672,59.560001373291016,59.58000183105469,59.029998779296875,59.470001220703125,0.18872957961060552
2544,2024-02-12 00:00:00+00:00,58.370086669921875,59.70000076293945,59.7599983215332,58.959999084472656,59.65999984741211,0.16222971993572805
2545,2024-02-13 00:00:00+00:00,58.02788162231445,59.349998474121094,60.65999984741211,58.790000915527344,59.5,0.32690202222379855
2546,2024-02-14 00:00:00+00:00,57.96922302246094,59.290000915527344,59.59000015258789,59.040000915527344,59.16999816894531,0.19855542225525605
2547,2024-02-15 00:00:00+00:00,58.0767707824707,59.400001525878906,59.59000015258789,59.130001068115234,59.41999816894531,0.16498996135662014
2548,2024-02-16 00:00:00+00:00,58.066993713378906,59.38999938964844,59.619998931884766,58.959999084472656,59.349998474121094,0.1688064962821553
2549,2024-02-20 00:00:00+00:00,59.34781265258789,60.70000076293945,60.84000015258789,59.5099983215332,59.599998474121094,0.2365943246969132
2550,2024-02-21 00:00:00+00:00,59.87578201293945,61.2400016784668,61.279998779296875,60.83000183105469,60.9900016784668,0.1755143455452171
2551,2024-02-22 00:00:00+00:00,59.787784576416016,61.150001525878906,61.25,60.5,60.9900016784668,0.15399525670245218
2552,2024-02-23 00:00:00+00:00,59.836669921875,61.20000076293945,61.619998931884766,61.0,61.09000015258789,0.163711614910855
2553,2024-02-26 00:00:00+00:00,59.35758590698242,60.709999084472656,61.27000045776367,60.65999984741211,61.2400016784668,0.11318223453108281
2554,2024-02-27 00:00:00+00:00,58.99582290649414,60.34000015258789,60.779998779296875,60.119998931884766,60.540000915527344,0.10693699556202527
2555,2024-02-28 00:00:00+00:00,59.05449295043945,60.400001525878906,60.4900016784668,60.060001373291016,60.369998931884766,0.07833842718668177
2556,2024-02-29 00:00:00+00:00,58.68295669555664,60.02000045776367,60.63999938964844,59.900001525878906,60.349998474121094,0.2337168886682067
2557,2024-03-01 00:00:00+00:00,58.2038688659668,59.529998779296875,59.900001525878906,59.34000015258789,59.900001525878906,0.12226019053375978
2558,2024-03-04 00:00:00+00:00,58.477638244628906,59.810001373291016,59.95000076293945,59.220001220703125,59.22999954223633,0.11031559274256972
2559,2024-03-05 00:00:00+00:00,58.194091796875,59.52000045776367,60.11000061035156,59.41999816894531,59.90999984741211,0.14362044984224992
2560,2024-03-06 00:00:00+00:00,58.223426818847656,59.54999923706055,60.0,59.380001068115234,59.52000045776367,0.144681369449833
2561,2024-03-07 00:00:00+00:00,58.115875244140625,59.439998626708984,59.77000045776367,59.2400016784668,59.689998626708984,0.1648527203027322
2562,2024-03-08 00:00:00+00:00,58.194091796875,59.52000045776367,59.790000915527344,58.970001220703125,59.29999923706055,0.15792281809854836
2563,2024-03-11 00:00:00+00:00,58.89805603027344,60.2400016784668,60.290000915527344,59.58000183105469,59.779998779296875,0.1714433749579796
2564,2024-03-12 00:00:00+00:00,59.15226364135742,60.5,60.75,60.209999084472656,60.31999969482422,0.1493969103800498
2565,2024-03-13 00:00:00+00:00,59.75844955444336,61.119998931884766,61.209999084472656,60.79999923706055,60.880001068115234,0.16828528868424383
2566,2024-03-14 00:00:00+00:00,59.625404357910156,60.5,60.79999923706055,60.400001525878906,60.58000183105469,0.16962840057116954
2567,2024-03-15 00:00:00+00:00,59.01436996459961,59.880001068115234,60.45000076293945,59.63999938964844,60.02000045776367,0.5220187079602896
2568,2024-03-18 00:00:00+00:00,59.26075744628906,60.130001068115234,60.400001525878906,59.79999923706055,59.88999938964844,0.19831178083374715
2569,2024-03-19 00:00:00+00:00,59.35930633544922,60.22999954223633,60.349998474121094,60.060001373291016,60.2400016784668,0.1855730353711831
2570,2024-03-20 00:00:00+00:00,59.87179183959961,60.75,60.810001373291016,60.15999984741211,60.18000030517578,0.1890919576742422
2571,2024-03-21 00:00:00+00:00,59.59584045410156,60.470001220703125,60.9900016784668,60.31999969482422,60.560001373291016,0.15529519162860414
2572,2024-03-22 00:00:00+00:00,59.61555099487305,60.4900016784668,60.790000915527344,60.43000030517578,60.52000045776367,0.1311515603845217
2573,2024-03-25 00:00:00+00:00,59.526851654052734,60.400001525878906,60.709999084472656,60.119998931884766,60.47999954223633,0.15649181025576184
2574,2024-03-26 00:00:00+00:00,59.66482925415039,60.540000915527344,60.709999084472656,60.380001068115234,60.5,0.158538089789574
2575,2024-03-27 00:00:00+00:00,60.14773941040039,61.029998779296875,61.43000030517578,60.70000076293945,60.790000915527344,0.1473398366060442
2576,2024-03-28 00:00:00+00:00,60.29557418823242,61.18000030517578,61.2599983215332,61.0,61.13999938964844,0.1648002911360784
2577,2024-04-01 00:00:00+00:00,59.80280303955078,60.68000030517578,61.29999923706055,60.630001068115234,61.18000030517578,0.13373138379075214
2578,2024-04-02 00:00:00+00:00,59.28046798706055,60.150001525878906,60.72999954223633,60.11000061035156,60.45000076293945,0.15452725854055707
2579,2024-04-03 00:00:00+00:00,58.965091705322266,59.83000183105469,60.38999938964844,59.779998779296875,60.04999923706055,0.16463683549886354
2580,2024-04-04 00:00:00+00:00,58.4427490234375,59.29999923706055,60.150001525878906,59.16999816894531,60.09000015258789,0.17462613378072891
2581,2024-04-05 00:00:00+00:00,58.649715423583984,59.5099983215332,59.68000030517578,58.90999984741211,59.25,0.11040811480137058
2582,2024-04-08 00:00:00+00:00,58.41318893432617,59.27000045776367,59.470001220703125,59.06999969482422,59.400001525878906,0.11238654482539548
2583,2024-04-09 00:00:00+00:00,58.85668182373047,59.720001220703125,59.7400016784668,59.130001068115234,59.47999954223633,0.1202139109999476
2584,2024-04-10 00:00:00+00:00,58.068241119384766,58.91999816894531,59.38999938964844,58.689998626708984,59.31999969482422,0.13671059408413958
2585,2024-04-11 00:00:00+00:00,58.19636535644531,59.04999923706055,59.369998931884766,58.790000915527344,59.150001525878906,0.12510061773894596
2586,2024-04-12 00:00:00+00:00,57.437496185302734,58.279998779296875,59.0099983215332,58.130001068115234,58.95000076293945,0.1426443421219009
2587,2024-04-15 00:00:00+00:00,57.299522399902344,58.13999938964844,58.810001373291016,58.040000915527344,58.61000061035156,0.14539378930259958
2588,2024-04-16 00:00:00+00:00,57.22067642211914,58.060001373291016,58.380001068115234,57.93000030517578,58.25,0.1270713375914041
2589,2024-04-17 00:00:00+00:00,57.66416931152344,58.5099983215332,58.560001373291016,58.099998474121094,58.279998779296875,0.166675404861109
2590,2024-04-18 00:00:00+00:00,58.058387756347656,58.90999984741211,58.97999954223633,58.540000915527344,58.619998931884766,0.1253612215379017
2591,2024-04-19 00:00:00+00:00,59.3001708984375,60.16999816894531,60.36000061035156,59.0,59.099998474121094,0.2808029064262738
2592,2024-04-22 00:00:00+00:00,59.6746826171875,60.54999923706055,60.630001068115234,59.720001220703125,60.13999938964844,0.19473117715815416
2593,2024-04-23 00:00:00+00:00,59.76337814331055,60.63999938964844,60.68000030517578,60.130001068115234,60.529998779296875,0.16488664505762585
2594,2024-04-24 00:00:00+00:00,60.66022491455078,61.54999923706055,61.650001525878906,59.84000015258789,60.31999969482422,0.25523751954528495
2595,2024-04-25 00:00:00+00:00,60.84748077392578,61.7400016784668,62.59000015258789,61.369998931884766,61.869998931884766,0.24753043204717393
2596,2024-04-26 00:00:00+00:00,60.84748077392578,61.7400016784668,61.93000030517578,61.349998474121094,61.54999923706055,0.12333190438153632
2597,2024-04-29 00:00:00+00:00,61.14314270019531,62.040000915527344,62.04999923706055,61.529998779296875,61.91999816894531,0.16057203304887943
2598,2024-04-30 00:00:00+00:00,60.877044677734375,61.77000045776367,62.83000183105469,61.470001220703125,62.13999938964844,0.25216732922741
2599,2024-05-01 00:00:00+00:00,61.034732818603516,61.93000030517578,62.56999969482422,61.209999084472656,61.79999923706055,0.21177528242358454
2600,2024-05-02 00:00:00+00:00,61.093868255615234,61.9900016784668,62.400001525878906,61.720001220703125,62.18000030517578,0.1232856433521359
2601,2024-05-03 00:00:00+00:00,61.27125930786133,62.16999816894531,62.33000183105469,61.63999938964844,61.9900016784668,0.1331145700654131
2602,2024-05-06 00:00:00+00:00,61.44865798950195,62.349998474121094,62.380001068115234,61.900001525878906,62.29999923706055,0.09737021468201712
2603,2024-05-07 00:00:00+00:00,61.71475601196289,62.619998931884766,62.81999969482422,62.25,62.7599983215332,0.10502333097916097
2604,2024-05-08 00:00:00+00:00,61.94143295288086,62.849998474121094,62.970001220703125,62.47999954223633,62.849998474121094,0.11546907141777721
2605,2024-05-09 00:00:00+00:00,61.97100067138672,62.880001068115234,63.150001525878906,62.75,62.810001373291016,0.09433240708472246
2606,2024-05-10 00:00:00+00:00,62.34550476074219,63.2599983215332,63.36000061035156,62.790000915527344,62.91999816894531,0.08289051247968371
2607,2024-05-13 00:00:00+00:00,62.660884857177734,63.58000183105469,63.619998931884766,63.18000030517578,63.2400016784668,0.11012129641908794
2608,2024-05-14 00:00:00+00:00,62.18781661987305,63.099998474121094,63.7599983215332,62.79999923706055,63.58000183105469,0.12114067362226946
2609,2024-05-15 00:00:00+00:00,62.21738815307617,63.130001068115234,63.38999938964844,63.0,63.060001373291016,0.10551523992511883
2610,2024-05-16 00:00:00+00:00,62.404640197753906,63.31999969482422,63.72999954223633,63.06999969482422,63.2400016784668,0.11151529543835412
2611,2024-05-17 00:00:00+00:00,62.11882781982422,63.029998779296875,63.369998931884766,62.939998626708984,63.34000015258789,0.13173136528634039
2612,2024-05-20 00:00:00+00:00,61.66547775268555,62.56999969482422,63.0099983215332,62.459999084472656,62.93000030517578,0.12343367864621727
2613,2024-05-21 00:00:00+00:00,62.00056838989258,62.90999984741211,62.97999954223633,62.439998626708984,62.81999969482422,0.10485679127331943
2614,2024-05-22 00:00:00+00:00,62.089263916015625,63.0,63.02000045776367,62.65999984741211,62.709999084472656,0.06820571971367509
2615,2024-05-23 00:00:00+00:00,61.19241714477539,62.09000015258789,62.880001068115234,62.04999923706055,62.4900016784668,0.10544430634670485
2616,2024-05-24 00:00:00+00:00,61.103721618652344,62.0,62.41999816894531,61.970001220703125,62.220001220703125,0.08025363380385941
2617,2024-05-28 00:00:00+00:00,60.92632293701172,61.81999969482422,62.130001068115234,61.400001525878906,61.790000915527344,0.1441910025381885
2618,2024-05-29 00:00:00+00:00,60.80805587768555,61.70000076293945,61.880001068115234,61.06999969482422,61.470001220703125,0.13670905204982622
2619,2024-05-30 00:00:00+00:00,61.074153900146484,61.970001220703125,62.08000183105469,61.599998474121094,61.849998474121094,0.09931471995114838
2620,2024-05-31 00:00:00+00:00,62.02027893066406,62.93000030517578,63.029998779296875,61.689998626708984,61.9900016784668,0.25937479760799637
2621,2024-06-03 00:00:00+00:00,62.02027893066406,62.93000030517578,63.09000015258789,62.45000076293945,62.709999084472656,0.09826922068669874
2622,2024-06-04 00:00:00+00:00,63.01567459106445,63.939998626708984,63.970001220703125,62.939998626708984,63.20000076293945,0.1372302596477377
2623,2024-06-05 00:00:00+00:00,62.99596405029297,63.91999816894531,64.06999969482422,63.349998474121094,63.9900016784668,0.1023324811023695
2624,2024-06-06 00:00:00+00:00,63.22264099121094,64.1500015258789,64.36000061035156,63.84000015258789,63.91999816894531,0.08731306689036447
2625,2024-06-07 00:00:00+00:00,62.98611068725586,63.90999984741211,64.22000122070312,63.810001373291016,64.08999633789062,0.1006454955635673
2626,2024-06-10 00:00:00+00:00,62.67073440551758,63.59000015258789,63.9900016784668,63.369998931884766,63.939998626708984,0.1956964906383097
2627,2024-06-11 00:00:00+00:00,62.63131332397461,63.54999923706055,63.650001525878906,63.06999969482422,63.59000015258789,0.08326522681782716
2628,2024-06-12 00:00:00+00:00,61.97100067138672,62.880001068115234,63.689998626708984,62.689998626708984,63.689998626708984,0.1013625415192739
2629,2024-06-13 00:00:00+00:00,62.079410552978516,62.9900016784668,63.040000915527344,62.45000076293945,62.86000061035156,0.10289378159242801
2630,2024-06-14 00:00:00+00:00,62.12409973144531,62.54999923706055,62.689998626708984,62.09000015258789,62.380001068115234,0.0799220964264897
2631,2024-06-17 00:00:00+00:00,62.19362258911133,62.619998931884766,62.900001525878906,62.18000030517578,62.369998931884766,0.11621387399112407
2632,2024-06-18 00:00:00+00:00,62.203556060791016,62.630001068115234,62.81999969482422,62.439998626708984,62.529998779296875,0.11804889482400766
2633,2024-06-20 00:00:00+00:00,61.756622314453125,62.18000030517578,62.7400016784668,61.95000076293945,62.400001525878906,0.15898373770613147
2634,2024-06-21 00:00:00+00:00,62.34260177612305,62.77000045776367,63.099998474121094,62.18000030517578,62.18000030517578,0.3899172544387458
2635,2024-06-24 00:00:00+00:00,63.5344352722168,63.970001220703125,64.05999755859375,62.90999984741211,62.9900016784668,0.15753730952021147
2636,2024-06-25 00:00:00+00:00,63.40531921386719,63.84000015258789,64.06999969482422,63.5099983215332,63.939998626708984,0.11643130082930608
2637,2024-06-26 00:00:00+00:00,63.6138916015625,64.05000305175781,64.11000061035156,63.22999954223633,63.400001525878906,0.09878580218167016
2638,2024-06-27 00:00:00+00:00,63.4748420715332,63.90999984741211,64.2699966430664,63.619998931884766,64.05000305175781,0.08477796247922109
2639,2024-06-28 00:00:00+00:00,63.21661376953125,63.650001525878906,64.05999755859375,63.52000045776367,63.900001525878906,0.22147467825454056
2640,2024-07-01 00:00:00+00:00,62.84912872314453,63.279998779296875,64.30000305175781,63.119998931884766,64.02999877929688,0.1085144966645798
2641,2024-07-02 00:00:00+00:00,62.72001647949219,63.150001525878906,63.380001068115234,62.86000061035156,63.2599983215332,0.090700916276789
2642,2024-07-03 00:00:00+00:00,62.8987922668457,63.33000183105469,63.66999816894531,62.93000030517578,63.189998626708984,0.09495693098162822
2643,2024-07-05 00:00:00+00:00,63.32585906982422,63.7599983215332,63.790000915527344,63.0,63.33000183105469,0.1347614627120683
2644,2024-07-08 00:00:00+00:00,62.531307220458984,62.959999084472656,63.59000015258789,62.84000015258789,63.59000015258789,0.1270451230080772
2645,2024-07-09 00:00:00+00:00,62.263145446777344,62.689998626708984,63.22999954223633,62.59000015258789,63.060001373291016,0.13355867594765722
2646,2024-07-10 00:00:00+00:00,62.40219497680664,62.83000183105469,62.86000061035156,62.290000915527344,62.720001220703125,0.13776688758878264
2647,2024-07-11 00:00:00+00:00,62.670352935791016,63.099998474121094,63.459999084472656,62.400001525878906,62.63999938964844,0.13007522043380512
2648,2024-07-12 00:00:00+00:00,63.26626968383789,63.70000076293945,64.11000061035156,63.38999938964844,63.459999084472656,0.0956863132118416
2649,2024-07-15 00:00:00+00:00,62.97824478149414,63.40999984741211,63.939998626708984,63.349998474121094,63.790000915527344,0.08035849213716706
2650,2024-07-16 00:00:00+00:00,63.8323860168457,64.2699966430664,64.30999755859375,63.38999938964844,63.43000030517578,0.09296616468309654
2651,2024-07-17 00:00:00+00:00,64.7659912109375,65.20999908447266,65.38999938964844,64.41000366210938,64.47000122070312,0.14667676185130474
2652,2024-07-18 00:00:00+00:00,64.74612426757812,65.19000244140625,65.80999755859375,64.72000122070312,64.80000305175781,0.12539668832710868
2653,2024-07-19 00:00:00+00:00,64.84544372558594,65.29000091552734,65.63999938964844,64.81999969482422,65.63999938964844,0.16622204677298483
2654,2024-07-22 00:00:00+00:00,64.3289794921875,64.7699966430664,65.29000091552734,64.31999969482422,65.25,0.1356666368540033
2655,2024-07-23 00:00:00+00:00,64.51769256591797,64.95999908447266,66.04000091552734,64.8499984741211,65.43000030517578,0.13591490437845224
2656,2024-07-24 00:00:00+00:00,65.36190032958984,65.80999755859375,65.97000122070312,64.83000183105469,65.08999633789062,0.15803230253479603
2657,2024-07-25 00:00:00+00:00,65.62013244628906,66.06999969482422,66.88999938964844,65.86000061035156,66.04000091552734,0.20558864075843417
2658,2024-07-26 00:00:00+00:00,66.59346008300781,67.05000305175781,67.11000061035156,66.01000213623047,66.06999969482422,0.16243481049940325
2659,2024-07-29 00:00:00+00:00,66.37496185302734,66.83000183105469,67.02999877929688,66.38999938964844,66.87999725341797,0.14100207557818578
2660,2024-07-30 00:00:00+00:00,67.21916961669922,67.68000030517578,67.83000183105469,66.36000061035156,66.4800033569336,0.15823893513278459
2661,2024-07-31 00:00:00+00:00,66.28556823730469,66.73999786376953,67.61000061035156,66.61000061035156,67.5,0.19399562679068738
2662,2024-08-01 00:00:00+00:00,67.49726104736328,67.95999908447266,68.11000061035156,66.69999694824219,67.0,0.20816846416466464
2663,2024-08-02 00:00:00+00:00,68.85794067382812,69.33000183105469,69.66999816894531,67.69000244140625,68.52999877929688,0.30098196745073974
2664,2024-08-05 00:00:00+00:00,67.63630676269531,68.0999984741211,69.55000305175781,67.7300033569336,68.98999786376953,0.34677267638559495
2665,2024-08-06 00:00:00+00:00,67.58665466308594,68.05000305175781,68.83999633789062,67.7699966430664,68.1500015258789,0.15378399800152356
2666,2024-08-07 00:00:00+00:00,67.99385833740234,68.45999908447266,69.18000030517578,67.83000183105469,68.05000305175781,0.1598935379510065
2667,2024-08-08 00:00:00+00:00,68.26202392578125,68.7300033569336,68.86000061035156,67.8499984741211,68.0,0.18881593353215298
2668,2024-08-09 00:00:00+00:00,68.21236419677734,68.68000030517578,68.79000091552734,68.25,68.69999694824219,0.14007993905880395
2669,2024-08-12 00:00:00+00:00,67.7058334350586,68.16999816894531,68.54000091552734,67.83000183105469,68.44999694824219,0.12360947055793889
2670,2024-08-13 00:00:00+00:00,67.99385833740234,68.45999908447266,68.61000061035156,68.01000213623047,68.08000183105469,0.10611200720438432
2671,2024-08-14 00:00:00+00:00,68.11304473876953,68.58000183105469,68.88999938964844,68.12999725341797,68.2300033569336,0.1747387022856033
2672,2024-08-15 00:00:00+00:00,68.18257141113281,68.6500015258789,68.91999816894531,68.5,68.62000274658203,0.12781614016475096
2673,2024-08-16 00:00:00+00:00,68.7089614868164,69.18000030517578,69.30000305175781,68.63999938964844,68.83999633789062,0.14888187091939173
2674,2024-08-19 00:00:00+00:00,68.51032257080078,68.9800033569336,69.41999816894531,68.8499984741211,69.3499984741211,0.10559234164078621
2675,2024-08-20 00:00:00+00:00,68.9075927734375,69.37999725341797,69.38999938964844,68.7699966430664,68.98999786376953,0.1381832368533865
2676,2024-08-21 00:00:00+00:00,69.09629821777344,69.56999969482422,70.12999725341797,69.33000183105469,69.4800033569336,0.08937785083593683
2677,2024-08-22 00:00:00+00:00,68.85794067382812,69.33000183105469,69.91999816894531,68.79000091552734,69.91999816894531,0.14669218219443822
2678,2024-08-23 00:00:00+00:00,69.31480407714844,69.79000091552734,69.8499984741211,68.94000244140625,69.4000015258789,0.13629116075090905
2679,2024-08-26 00:00:00+00:00,70.35765075683594,70.83999633789062,70.91999816894531,69.7300033569336,69.83000183105469,0.1529065804772288
2680,2024-08-27 00:00:00+00:00,71.0131607055664,71.5,71.52999877929688,71.05000305175781,71.31999969482422,0.21576298315790124
2681,2024-08-28 00:00:00+00:00,71.26145935058594,71.75,71.80999755859375,71.30000305175781,71.61000061035156,0.15846407214253333
2682,2024-08-29 00:00:00+00:00,71.55941772460938,72.05000305175781,72.22000122070312,71.2300033569336,71.9000015258789,0.21905214234827156
2683,2024-08-30 00:00:00+00:00,71.97655487060547,72.47000122070312,72.56999969482422,71.77999877929688,72.19999694824219,0.2409875804556403
2684,2024-09-03 00:00:00+00:00,72.51287841796875,73.01000213623047,73.29000091552734,72.25,72.44000244140625,0.18133552507810408
2685,2024-09-04 00:00:00+00:00,72.0659408569336,72.55999755859375,73.52999877929688,71.91000366210938,73.30000305175781,0.23353338658491832
2686,2024-09-05 00:00:00+00:00,70.68540954589844,71.16999816894531,72.68000030517578,70.9800033569336,72.62000274658203,0.32181947712700504
2687,2024-09-06 00:00:00+00:00,70.65560913085938,71.13999938964844,71.66999816894531,70.88999938964844,70.98999786376953,0.22343151979817857
2688,2024-09-09 00:00:00+00:00,71.36077880859375,71.8499984741211,72.30999755859375,70.9800033569336,71.2300033569336,0.153324471776146
2689,2024-09-10 00:00:00+00:00,71.06282043457031,71.55000305175781,72.41999816894531,71.5199966430664,71.97000122070312,0.11228014445777448
2690,2024-09-11 00:00:00+00:00,70.59602355957031,71.08000183105469,71.37000274658203,70.56999969482422,71.36000061035156,0.12986858783581653
2691,2024-09-12 00:00:00+00:00,70.74500274658203,71.2300033569336,71.37999725341797,70.66000366210938,71.0,0.14409539641076097
2692,2024-09-13 00:00:00+00:00,71.41000366210938,71.41000366210938,71.47000122070312,70.4800033569336,70.83999633789062,0.1245578216606476
2693,2024-09-16 00:00:00+00:00,72.0999984741211,72.0999984741211,72.23999786376953,71.62000274658203,71.7699966430664,0.12012755707840012
2694,2024-09-17 00:00:00+00:00,71.80000305175781,71.80000305175781,72.3499984741211,71.72000122070312,71.9000015258789,0.15386572582013097
2695,2024-09-18 00:00:00+00:00,71.75,71.75,72.37999725341797,71.2699966430664,71.88999938964844,0.11909747815708396
2696,2024-09-19 00:00:00+00:00,70.62000274658203,70.62000274658203,71.94000244140625,70.5999984741211,71.55999755859375,0.1640616566999849
2697,2024-09-20 00:00:00+00:00,71.63999938964844,71.63999938964844,71.80000305175781,70.37999725341797,70.41000366210938,0.7028931647787028
2698,2024-09-23 00:00:00+00:00,71.7300033569336,71.7300033569336,72.19999694824219,71.18000030517578,71.55000305175781,0.13287247067821756
2699,2024-09-24 00:00:00+00:00,71.33000183105469,71.33000183105469,71.81999969482422,70.5999984741211,71.22000122070312,0.1593584520442749
2700,2024-09-25 00:00:00+00:00,71.44999694824219,71.44999694824219,71.91999816894531,71.30999755859375,71.70999908447266,0.1439149783960993
2701,2024-09-26 00:00:00+00:00,71.4000015258789,71.4000015258789,71.61000061035156,70.83999633789062,70.86000061035156,0.12057012092633088
2702,2024-09-27 00:00:00+00:00,71.79000091552734,71.79000091552734,72.19999694824219,71.45999908447266,71.54000091552734,0.12612915462594876
2703,2024-09-30 00:00:00+00:00,71.86000061035156,71.86000061035156,72.19999694824219,71.69000244140625,72.0,0.23159813352166717
2704,2024-10-01 00:00:00+00:00,71.70999908447266,71.70999908447266,72.75,71.62999725341797,72.0999984741211,0.15880177765715645
2705,2024-10-02 00:00:00+00:00,71.01000213623047,71.01000213623047,71.43000030517578,70.41000366210938,71.38999938964844,0.12581766369465255
2706,2024-10-03 00:00:00+00:00,70.5199966430664,70.5199966430664,70.98999786376953,70.19999694824219,70.86000061035156,0.0983586586768729
2707,2024-10-04 00:00:00+00:00,70.16999816894531,70.16999816894531,70.27999877929688,69.72000122070312,69.95999908447266,0.1493999944486765
2708,2024-10-07 00:00:00+00:00,69.01000213623047,69.01000213623047,70.0999984741211,68.87000274658203,70.05000305175781,0.17757604542216276
2709,2024-10-08 00:00:00+00:00,69.18000030517578,69.18000030517578,69.44000244140625,68.86000061035156,69.04000091552734,0.16273704922481938
2710,2024-10-09 00:00:00+00:00,69.56999969482422,69.56999969482422,69.73999786376953,69.06999969482422,69.19000244140625,0.09316046100657835
2711,2024-10-10 00:00:00+00:00,69.25,69.25,69.91000366210938,68.98999786376953,69.83000183105469,0.0869537728953545
2712,2024-10-11 00:00:00+00:00,69.56999969482422,69.56999969482422,69.58999633789062,69.0,69.45999908447266,0.08928378674282261
2713,2024-10-14 00:00:00+00:00,70.33999633789062,70.33999633789062,70.47000122070312,69.47000122070312,69.56999969482422,0.07190506003139582
2714,2024-10-15 00:00:00+00:00,70.33999633789062,70.33999633789062,71.20999908447266,70.16000366210938,70.45999908447266,0.11353073428589935
2715,2024-10-16 00:00:00+00:00,70.56999969482422,70.56999969482422,70.69999694824219,69.97000122070312,70.08999633789062,0.07619191542250198
2716,2024-10-17 00:00:00+00:00,69.9000015258789,69.9000015258789,70.69000244140625,69.58000183105469,70.62999725341797,0.18008339321566585
2717,2024-10-18 00:00:00+00:00,70.44000244140625,70.44000244140625,70.55000305175781,69.61000061035156,69.87000274658203,0.18645045289547785
2718,2024-10-21 00:00:00+00:00,69.44999694824219,69.44999694824219,70.33000183105469,69.30999755859375,70.0,0.1385502410199632
2719,2024-10-22 00:00:00+00:00,69.44999694824219,69.44999694824219,69.75,68.68000030517578,69.0,0.24066529528415068
2720,2024-10-23 00:00:00+00:00,68.01000213623047,68.01000213623047,68.69999694824219,66.58000183105469,66.98999786376953,0.3339876698936305
2721,2024-10-24 00:00:00+00:00,67.30000305175781,67.30000305175781,68.04000091552734,66.94999694824219,67.6500015258789,0.2247129503125704
2722,2024-10-25 00:00:00+00:00,66.91999816894531,66.91999816894531,67.69999694824219,66.79000091552734,67.06999969482422,0.1255493497241301
2723,2024-10-28 00:00:00+00:00,66.66999816894531,66.66999816894531,67.4000015258789,66.5999984741211,66.95999908447266,0.11974050646574991
2724,2024-10-29 00:00:00+00:00,65.55999755859375,65.55999755859375,66.33999633789062,65.5199966430664,66.29000091552734,0.20863107445866888
2725,2024-10-30 00:00:00+00:00,65.91999816894531,65.91999816894531,66.54000091552734,65.31999969482422,65.51000213623047,0.17242256674695527
2726,2024-10-31 00:00:00+00:00,65.30999755859375,65.30999755859375,65.98999786376953,65.26000213623047,65.80999755859375,0.16017727226466247
2727,2024-11-01 00:00:00+00:00,65.01000213623047,65.01000213623047,65.66000366210938,64.88999938964844,65.47000122070312,0.14129043599478178
